# time, numberOfNodes, lengthPrioQueue, instructionMapping, sizeSolutionQueue , alreadyReadInputFiles 
1,5,5,5,0,1
1,8,4,4,0,1
1,8,4,4,0,1
1,9,3,3,0,1
1,9,3,3,0,1
2,10,2,2,1,1
2,14,7,7,0,1
2,17,6,6,0,1
2,17,6,6,0,1
2,18,5,5,0,1
2,18,5,5,0,1
2,19,4,4,1,1
3,23,9,9,0,1
3,26,8,8,0,1
3,26,8,8,0,1
3,27,7,7,0,1
3,27,7,7,0,1
3,28,6,6,1,1
3,32,11,11,0,1
3,35,10,10,0,1
3,35,10,10,0,1
4,36,9,9,0,1
4,36,9,9,0,1
4,37,8,8,1,1
4,41,13,13,0,1
4,44,12,12,0,1
4,44,12,12,0,1
4,45,11,11,0,1
4,45,11,11,0,1
5,46,10,10,1,1
5,50,15,15,0,1
5,53,14,14,0,1
5,53,14,14,0,1
5,54,13,13,0,1
5,54,13,13,0,1
6,55,12,12,1,1
6,59,17,17,0,1
6,62,16,16,0,1
6,62,16,16,0,1
6,63,15,15,0,1
6,63,15,15,0,1
7,64,14,14,1,1
7,68,19,19,0,1
7,71,18,18,0,1
7,71,18,18,0,1
7,72,17,17,0,1
7,72,17,17,0,1
7,73,16,16,1,1
8,77,21,21,0,1
8,80,20,20,0,1
8,80,20,20,0,1
8,81,19,19,0,1
8,81,19,19,0,1
8,82,18,18,1,1
8,86,23,23,0,1
9,89,22,22,0,1
9,89,22,22,0,1
9,90,21,21,0,1
9,90,21,21,0,1
9,91,20,20,1,1
9,95,25,25,0,1
10,98,24,24,0,1
10,98,24,24,0,1
10,99,23,23,0,1
10,99,23,23,0,1
10,100,22,22,1,1
10,104,27,27,0,1
10,107,26,26,0,1
10,107,26,26,0,1
10,108,25,25,0,1
10,108,25,25,0,1
11,109,24,24,1,1
11,113,29,29,0,1
11,116,28,28,0,1
11,116,28,28,0,1
11,117,27,27,0,1
11,117,27,27,0,1
11,118,26,26,1,1
11,122,31,31,0,1
11,125,30,30,0,1
11,125,30,30,0,1
12,126,29,29,0,1
12,126,29,29,0,1
12,127,28,28,1,1
12,131,33,33,0,1
12,134,32,32,0,1
12,134,32,32,0,1
12,135,31,31,0,1
12,135,31,31,0,1
12,136,30,30,1,1
12,140,35,35,0,1
12,143,34,34,0,1
12,143,34,34,0,1
13,144,33,33,0,1
13,144,33,33,0,1
13,145,32,32,1,1
13,149,37,37,0,1
13,152,36,36,0,1
13,152,36,36,0,1
13,153,35,35,0,1
13,153,35,35,0,1
13,154,34,34,1,1
13,158,39,39,0,1
13,161,38,38,0,1
13,161,38,38,0,1
14,162,37,37,0,1
14,162,37,37,0,1
14,163,36,36,1,1
14,167,41,41,0,1
14,170,40,40,0,1
14,170,40,40,0,1
14,171,39,39,0,1
14,171,39,39,0,1
14,172,38,38,1,1
15,176,43,43,0,1
15,179,42,42,0,1
15,179,42,42,0,1
15,180,41,41,0,1
15,180,41,41,0,1
15,181,40,40,1,1
15,185,45,45,0,1
15,188,44,44,0,1
15,188,44,44,0,1
15,189,43,43,0,1
15,189,43,43,0,1
15,190,42,42,1,1
15,194,47,47,0,1
16,197,46,46,0,1
16,197,46,46,0,1
16,198,45,45,0,1
16,198,45,45,0,1
16,199,44,44,1,1
16,203,49,49,0,1
16,206,48,48,0,1
16,206,48,48,0,1
16,207,47,47,0,1
16,207,47,47,0,1
16,208,46,46,1,1
17,212,51,51,0,1
17,215,50,50,0,1
17,215,50,50,0,1
17,216,49,49,0,1
17,216,49,49,0,1
17,217,48,48,1,1
17,221,53,53,0,1
17,224,52,52,0,1
17,224,52,52,0,1
17,225,51,51,0,1
17,225,51,51,0,1
17,226,50,50,1,1
17,230,55,55,0,1
18,233,54,54,0,1
18,233,54,54,0,1
18,234,53,53,0,1
18,234,53,53,0,1
18,235,52,52,1,1
18,239,57,57,0,1
18,242,56,56,0,1
18,242,56,56,0,1
18,243,55,55,0,1
18,243,55,55,0,1
18,244,54,54,1,1
18,248,59,59,0,1
18,251,58,58,0,1
18,251,58,58,0,1
19,252,57,57,0,1
19,252,57,57,0,1
19,253,56,56,1,1
19,257,61,61,0,1
19,260,60,60,0,1
19,260,60,60,0,1
19,261,59,59,0,1
19,261,59,59,0,1
19,262,58,58,1,1
19,266,63,63,0,1
19,269,62,62,0,1
19,269,62,62,0,1
19,270,61,61,0,1
19,270,61,61,0,1
20,271,60,60,1,1
20,275,65,65,0,1
20,278,64,64,0,1
20,278,64,64,0,1
20,279,63,63,0,1
20,279,63,63,0,1
20,280,62,62,1,1
20,284,67,67,0,1
20,287,66,66,0,1
20,287,66,66,0,1
20,288,65,65,0,1
20,288,65,65,0,1
21,289,64,64,1,1
21,293,69,69,0,1
21,296,68,68,0,1
21,296,68,68,0,1
21,297,67,67,0,1
21,297,67,67,0,1
21,298,66,66,1,1
21,302,71,71,0,1
21,305,70,70,0,1
21,305,70,70,0,1
21,306,69,69,0,1
21,306,69,69,0,1
22,307,68,68,1,1
22,311,73,73,0,1
22,314,72,72,0,1
22,314,72,72,0,1
22,315,71,71,0,1
22,315,71,71,0,1
22,316,70,70,1,1
22,320,75,75,0,1
23,323,74,74,0,1
23,323,74,74,0,1
23,324,73,73,0,1
23,324,73,73,0,1
23,325,72,72,1,1
23,329,77,77,0,1
23,332,76,76,0,1
23,332,76,76,0,1
23,333,75,75,0,1
23,333,75,75,0,1
23,334,74,74,1,1
24,338,79,79,0,1
24,341,78,78,0,1
24,341,78,78,0,1
24,342,77,77,0,1
24,342,77,77,0,1
24,343,76,76,1,1
24,347,81,81,0,1
24,350,80,80,0,1
24,350,80,80,0,1
24,351,79,79,0,1
24,351,79,79,0,1
24,352,78,78,1,1
24,356,83,83,0,1
25,359,82,82,0,1
25,359,82,82,0,1
25,360,81,81,0,1
25,360,81,81,0,1
25,361,80,80,1,1
25,365,85,85,0,1
25,368,84,84,0,1
25,368,84,84,0,1
25,369,83,83,0,1
25,369,83,83,0,1
25,370,82,82,1,1
25,374,87,87,0,1
25,377,86,86,0,1
25,377,86,86,0,1
26,378,85,85,0,1
26,378,85,85,0,1
26,379,84,84,1,1
26,383,89,89,0,1
26,386,88,88,0,1
26,386,88,88,0,1
26,387,87,87,0,1
26,387,87,87,0,1
26,388,86,86,1,1
27,392,91,91,0,1
27,395,90,90,0,1
27,395,90,90,0,1
27,396,89,89,0,1
27,396,89,89,0,1
27,397,88,88,1,1
27,401,93,93,0,1
27,404,92,92,0,1
27,404,92,92,0,1
27,405,91,91,0,1
27,405,91,91,0,1
27,406,90,90,1,1
27,410,95,95,0,1
28,413,94,94,0,1
28,413,94,94,0,1
28,414,93,93,0,1
28,414,93,93,0,1
28,415,92,92,1,1
28,419,97,97,0,1
28,422,96,96,0,1
28,422,96,96,0,1
28,423,95,95,0,1
28,423,95,95,0,1
28,424,94,94,1,1
28,428,99,99,0,1
28,431,98,98,0,1
28,431,98,98,0,1
28,432,97,97,0,1
28,432,97,97,0,1
29,433,96,96,1,1
29,437,101,101,0,1
29,440,100,100,0,1
29,440,100,100,0,1
29,441,99,99,0,1
29,441,99,99,0,1
29,442,98,98,1,1
29,446,103,103,0,1
29,449,102,102,0,1
29,449,102,102,0,1
29,450,101,101,0,1
29,450,101,101,0,1
29,451,100,100,1,1
30,455,105,105,0,1
30,458,104,104,0,1
30,458,104,104,0,1
30,459,103,103,0,1
30,459,103,103,0,1
30,460,102,102,1,1
30,464,107,107,0,1
30,467,106,106,0,1
30,467,106,106,0,1
30,468,105,105,0,1
30,468,105,105,0,1
30,469,104,104,1,1
31,473,109,109,0,1
31,476,108,108,0,1
31,476,108,108,0,1
31,477,107,107,0,1
31,477,107,107,0,1
31,478,106,106,1,1
31,482,111,111,0,1
31,485,110,110,0,1
31,485,110,110,0,1
31,486,109,109,0,1
31,486,109,109,0,1
31,487,108,108,1,1
31,491,113,113,0,1
31,494,112,112,0,1
31,494,112,112,0,1
32,495,111,111,0,1
32,495,111,111,0,1
32,496,110,110,1,1
32,500,115,115,0,1
32,503,114,114,0,1
32,503,114,114,0,1
32,504,113,113,0,1
32,504,113,113,0,1
32,505,112,112,1,1
32,509,117,117,0,1
32,512,116,116,0,1
32,512,116,116,0,1
32,513,115,115,0,1
32,513,115,115,0,1
32,514,114,114,1,1
33,518,119,119,0,1
33,521,118,118,0,1
33,521,118,118,0,1
33,522,117,117,0,1
33,522,117,117,0,1
33,523,116,116,1,1
33,527,121,121,0,1
33,530,120,120,0,1
33,530,120,120,0,1
33,531,119,119,0,1
33,531,119,119,0,1
33,532,118,118,1,1
33,536,123,123,0,1
34,539,122,122,0,1
34,539,122,122,0,1
34,540,121,121,0,1
34,540,121,121,0,1
34,541,120,120,1,1
34,545,125,125,0,1
34,548,124,124,0,1
34,548,124,124,0,1
34,549,123,123,0,1
34,549,123,123,0,1
34,550,122,122,1,1
34,554,127,127,0,1
35,557,126,126,0,1
35,557,126,126,0,1
35,558,125,125,0,1
35,558,125,125,0,1
35,559,124,124,1,1
35,563,129,129,0,1
35,566,128,128,0,1
35,566,128,128,0,1
35,567,127,127,0,1
35,567,127,127,0,1
35,568,126,126,1,1
35,572,131,131,0,1
36,575,130,130,0,1
36,575,130,130,0,1
36,576,129,129,0,1
36,576,129,129,0,1
36,577,128,128,1,1
36,581,133,133,0,1
36,584,132,132,0,1
36,584,132,132,0,1
36,585,131,131,0,1
36,585,131,131,0,1
36,586,130,130,1,1
36,590,135,135,0,1
37,593,134,134,0,1
37,593,134,134,0,1
37,594,133,133,0,1
37,594,133,133,0,1
37,595,132,132,1,1
37,599,137,137,0,1
37,602,136,136,0,1
37,602,136,136,0,1
37,603,135,135,0,1
37,603,135,135,0,1
38,604,134,134,1,1
38,608,139,139,0,1
38,611,138,138,0,1
38,611,138,138,0,1
38,612,137,137,0,1
38,612,137,137,0,1
38,613,136,136,1,1
38,617,141,141,0,1
38,620,140,140,0,1
38,620,140,140,0,1
38,621,139,139,0,1
38,621,139,139,0,1
38,622,138,138,1,1
39,626,143,143,0,1
39,629,142,142,0,1
39,629,142,142,0,1
39,630,141,141,0,1
39,630,141,141,0,1
39,631,140,140,1,1
39,635,145,145,0,1
39,638,144,144,0,1
39,638,144,144,0,1
39,639,143,143,0,1
39,639,143,143,0,1
39,640,142,142,1,1
39,644,147,147,0,1
40,647,146,146,0,1
40,647,146,146,0,1
40,648,145,145,0,1
40,648,145,145,0,1
40,649,144,144,1,1
40,653,149,149,0,1
40,656,148,148,0,1
40,656,148,148,0,1
40,657,147,147,0,1
40,657,147,147,0,1
40,658,146,146,1,1
40,662,151,151,0,1
40,665,150,150,0,1
40,665,150,150,0,1
41,666,149,149,0,1
41,666,149,149,0,1
41,667,148,148,1,1
41,671,153,153,0,1
41,674,152,152,0,1
41,674,152,152,0,1
41,675,151,151,0,1
41,675,151,151,0,1
41,676,150,150,1,1
41,680,155,155,0,1
41,683,154,154,0,1
41,683,154,154,0,1
41,684,153,153,0,1
41,684,153,153,0,1
41,685,152,152,1,1
42,689,157,157,0,1
42,692,156,156,0,1
42,692,156,156,0,1
42,693,155,155,0,1
42,693,155,155,0,1
42,694,154,154,1,1
42,698,159,159,0,1
42,701,158,158,0,1
42,701,158,158,0,1
42,702,157,157,0,1
42,702,157,157,0,1
43,703,156,156,1,1
43,707,161,161,0,1
43,710,160,160,0,1
43,710,160,160,0,1
43,711,159,159,0,1
43,711,159,159,0,1
43,712,158,158,1,1
43,716,163,163,0,1
44,719,162,162,0,1
44,719,162,162,0,1
44,720,161,161,0,1
44,720,161,161,0,1
44,721,160,160,1,1
44,725,165,165,0,1
44,728,164,164,0,1
44,728,164,164,0,1
44,729,163,163,0,1
44,729,163,163,0,1
45,730,162,162,1,1
45,734,167,167,0,1
45,737,166,166,0,1
45,737,166,166,0,1
45,738,165,165,0,1
45,738,165,165,0,1
45,739,164,164,1,1
46,743,169,169,0,1
46,746,168,168,0,1
46,746,168,168,0,1
46,747,167,167,0,1
46,747,167,167,0,1
46,748,166,166,1,1
46,752,171,171,0,1
47,755,170,170,0,1
47,755,170,170,0,1
47,756,169,169,0,1
47,756,169,169,0,1
47,757,168,168,1,1
47,761,173,173,0,1
47,764,172,172,0,1
47,764,172,172,0,1
47,765,171,171,0,1
47,765,171,171,0,1
47,766,170,170,1,1
47,770,175,175,0,1
48,773,174,174,0,1
48,773,174,174,0,1
48,774,173,173,0,1
48,774,173,173,0,1
48,775,172,172,1,1
48,779,177,177,0,1
48,782,176,176,0,1
48,782,176,176,0,1
48,783,175,175,0,1
48,783,175,175,0,1
49,784,174,174,1,1
49,788,179,179,0,1
49,791,178,178,0,1
49,791,178,178,0,1
49,792,177,177,0,1
49,792,177,177,0,1
49,793,176,176,1,1
49,797,181,181,0,1
49,800,180,180,0,1
49,800,180,180,0,1
49,801,179,179,0,1
49,801,179,179,0,1
49,802,178,178,1,1
50,806,183,183,0,1
50,809,182,182,0,1
50,809,182,182,0,1
50,810,181,181,0,1
50,810,181,181,0,1
50,811,180,180,1,1
50,815,185,185,0,1
50,818,184,184,0,1
50,818,184,184,0,1
50,819,183,183,0,1
50,819,183,183,0,1
50,820,182,182,1,1
50,824,187,187,0,1
50,827,186,186,0,1
50,827,186,186,0,1
51,828,185,185,0,1
51,828,185,185,0,1
51,829,184,184,1,1
51,833,189,189,0,1
51,836,188,188,0,1
51,836,188,188,0,1
51,837,187,187,0,1
51,837,187,187,0,1
51,838,186,186,1,1
51,842,191,191,0,1
51,845,190,190,0,1
51,845,190,190,0,1
51,846,189,189,0,1
51,846,189,189,0,1
51,847,188,188,1,1
52,851,193,193,0,1
52,854,192,192,0,1
52,854,192,192,0,1
52,855,191,191,0,1
52,855,191,191,0,1
52,856,190,190,1,1
52,860,195,195,0,1
52,863,194,194,0,1
52,863,194,194,0,1
52,864,193,193,0,1
52,864,193,193,0,1
52,865,192,192,1,1
52,869,197,197,0,1
52,872,196,196,0,1
52,872,196,196,0,1
53,873,195,195,0,1
53,873,195,195,0,1
53,874,194,194,1,1
53,878,199,199,0,1
53,881,198,198,0,1
53,881,198,198,0,1
53,882,197,197,0,1
53,882,197,197,0,1
53,883,196,196,1,1
53,887,201,201,0,1
53,890,200,200,0,1
53,890,200,200,0,1
54,891,199,199,0,1
54,891,199,199,0,1
54,892,198,198,1,1
54,896,203,203,0,1
54,899,202,202,0,1
54,899,202,202,0,1
54,900,201,201,0,1
54,900,201,201,0,1
54,901,200,200,1,1
54,905,205,205,0,1
54,908,204,204,0,1
54,908,204,204,0,1
55,909,203,203,0,1
55,909,203,203,0,1
55,910,202,202,1,1
55,915,207,207,0,1
55,918,206,206,0,1
55,918,206,206,0,1
55,919,205,205,0,1
55,919,205,205,0,1
56,920,204,204,1,1
56,924,208,208,0,1
56,926,207,207,1,1
56,929,211,211,0,1
57,930,210,210,1,1
57,930,210,210,0,1
57,931,209,209,1,1
57,933,212,212,0,1
58,935,211,211,1,1
58,937,213,213,0,1
58,940,212,212,0,1
58,940,212,212,0,1
58,943,211,211,0,1
58,943,211,211,0,1
59,946,210,210,0,1
59,946,210,210,0,1
59,947,209,209,0,1
59,947,209,209,0,1
59,948,208,208,1,1
59,948,208,208,0,1
59,949,207,207,1,1
59,949,207,207,0,1
60,950,206,206,1,1
60,950,206,206,0,1
60,951,205,205,1,1
60,951,205,205,0,1
60,952,204,204,1,1
60,952,204,204,0,1
60,953,203,203,1,1
61,953,203,203,0,1
61,954,202,202,1,1
61,954,202,202,0,1
61,955,201,201,1,1
61,955,201,201,0,1
62,956,200,200,1,1
62,956,200,200,0,1
62,957,199,199,1,1
62,957,199,199,0,1
62,958,198,198,1,1
63,958,198,198,0,1
63,959,197,197,1,1
63,959,197,197,0,1
63,960,196,196,1,1
63,960,196,196,0,1
63,961,195,195,1,1
64,961,195,195,0,1
64,962,194,194,1,1
64,962,194,194,0,1
64,963,193,193,1,1
64,963,193,193,0,1
64,964,192,192,1,1
64,964,192,192,0,1
64,965,191,191,1,1
65,965,191,191,0,1
65,966,190,190,1,1
65,966,190,190,0,1
65,967,189,189,1,1
65,967,189,189,0,1
65,968,188,188,1,1
66,968,188,188,0,1
66,969,187,187,1,1
66,969,187,187,0,1
66,970,186,186,1,1
66,970,186,186,0,1
66,971,185,185,1,1
66,971,185,185,0,1
66,972,184,184,1,1
67,972,184,184,0,1
67,973,183,183,1,1
67,973,183,183,0,1
67,974,182,182,1,1
67,974,182,182,0,1
67,975,181,181,1,1
67,975,181,181,0,1
67,976,180,180,1,1
68,976,180,180,0,1
68,977,179,179,1,1
68,977,179,179,0,1
68,978,178,178,1,1
68,978,178,178,0,1
68,979,177,177,1,1
68,979,177,177,0,1
68,980,176,176,1,1
69,980,176,176,0,1
69,981,175,175,1,1
69,981,175,175,0,1
69,982,174,174,1,1
69,982,174,174,0,1
69,983,173,173,1,1
69,983,173,173,0,1
69,984,172,172,1,1
69,984,172,172,0,1
70,985,171,171,1,1
70,985,171,171,0,1
70,986,170,170,1,1
70,986,170,170,0,1
70,987,169,169,1,1
70,987,169,169,0,1
70,988,168,168,1,1
70,988,168,168,0,1
71,989,167,167,1,1
71,989,167,167,0,1
71,990,166,166,1,1
71,990,166,166,0,1
71,991,165,165,1,1
71,991,165,165,0,1
71,992,164,164,1,1
71,992,164,164,0,1
71,993,163,163,1,1
72,993,163,163,0,1
72,994,162,162,1,1
72,994,162,162,0,1
72,995,161,161,1,1
72,995,161,161,0,1
72,996,160,160,1,1
72,996,160,160,0,1
72,997,159,159,1,1
72,997,159,159,0,1
72,998,158,158,1,1
73,998,158,158,0,1
73,999,157,157,1,1
73,999,157,157,0,1
73,1000,156,156,1,1
73,1000,156,156,0,1
73,1001,155,155,1,1
73,1001,155,155,0,1
73,1002,154,154,1,1
73,1002,154,154,0,1
74,1003,153,153,1,1
74,1003,153,153,0,1
74,1004,152,152,1,1
74,1004,152,152,0,1
74,1005,151,151,1,1
74,1005,151,151,0,1
74,1006,150,150,1,1
74,1006,150,150,0,1
74,1007,149,149,1,1
75,1007,149,149,0,1
75,1008,148,148,1,1
75,1008,148,148,0,1
75,1009,147,147,1,1
75,1009,147,147,0,1
75,1010,146,146,1,1
75,1010,146,146,0,1
75,1011,145,145,1,1
75,1011,145,145,0,1
75,1012,144,144,1,1
76,1012,144,144,0,1
76,1013,143,143,1,1
76,1013,143,143,0,1
76,1014,142,142,1,1
76,1014,142,142,0,1
76,1015,141,141,1,1
76,1015,141,141,0,1
76,1016,140,140,1,1
76,1016,140,140,0,1
77,1017,139,139,1,1
77,1017,139,139,0,1
77,1018,138,138,1,1
77,1018,138,138,0,1
77,1019,137,137,1,1
77,1019,137,137,0,1
77,1020,136,136,1,1
77,1020,136,136,0,1
77,1021,135,135,1,1
77,1021,135,135,0,1
78,1022,134,134,1,1
78,1022,134,134,0,1
78,1023,133,133,1,1
78,1023,133,133,0,1
78,1024,132,132,1,1
78,1024,132,132,0,1
78,1025,131,131,1,1
78,1025,131,131,0,1
78,1026,130,130,1,1
78,1026,130,130,0,1
79,1027,129,129,1,1
79,1027,129,129,0,1
79,1028,128,128,1,1
79,1028,128,128,0,1
79,1029,127,127,1,1
79,1029,127,127,0,1
79,1030,126,126,1,1
79,1030,126,126,0,1
79,1031,125,125,1,1
80,1031,125,125,0,1
80,1032,124,124,1,1
80,1032,124,124,0,1
80,1033,123,123,1,1
80,1033,123,123,0,1
80,1034,122,122,1,1
80,1034,122,122,0,1
80,1035,121,121,1,1
80,1035,121,121,0,1
80,1036,120,120,1,1
81,1036,120,120,0,1
81,1037,119,119,1,1
81,1037,119,119,0,1
81,1038,118,118,1,1
81,1038,118,118,0,1
81,1039,117,117,1,1
81,1039,117,117,0,1
81,1040,116,116,1,1
81,1040,116,116,0,1
81,1041,115,115,1,1
82,1041,115,115,0,1
82,1042,114,114,1,1
82,1042,114,114,0,1
82,1043,113,113,1,1
82,1043,113,113,0,1
82,1044,112,112,1,1
82,1044,112,112,0,1
82,1045,111,111,1,1
82,1045,111,111,0,1
82,1046,110,110,1,1
83,1046,110,110,0,1
83,1047,109,109,1,1
83,1047,109,109,0,1
83,1048,108,108,1,1
83,1048,108,108,0,1
83,1049,107,107,1,1
83,1049,107,107,0,1
83,1050,106,106,1,1
83,1052,108,108,0,1
84,1055,107,107,0,1
84,1055,107,107,0,1
84,1058,106,106,0,1
84,1058,106,106,0,1
84,1059,105,105,1,1
84,1061,107,107,0,1
84,1064,106,106,0,1
84,1064,106,106,0,1
84,1067,105,105,0,1
84,1067,105,105,0,1
84,1068,104,104,1,1
84,1070,106,106,0,1
84,1073,105,105,0,1
84,1073,105,105,0,1
85,1076,104,104,0,1
85,1076,104,104,0,1
85,1077,103,103,1,1
85,1079,105,105,0,1
85,1082,104,104,0,1
85,1082,104,104,0,1
85,1085,103,103,0,1
85,1085,103,103,0,1
85,1086,102,102,1,1
85,1088,104,104,0,1
85,1091,103,103,0,1
85,1091,103,103,0,1
86,1094,102,102,0,1
86,1094,102,102,0,1
86,1095,101,101,1,1
86,1097,103,103,0,1
86,1100,102,102,0,1
86,1100,102,102,0,1
86,1103,101,101,0,1
86,1103,101,101,0,1
86,1104,100,100,1,1
86,1106,102,102,0,1
86,1109,101,101,0,1
86,1109,101,101,0,1
86,1112,100,100,0,1
86,1112,100,100,0,1
87,1113,99,99,1,1
87,1115,101,101,0,1
87,1118,100,100,0,1
87,1118,100,100,0,1
87,1121,99,99,0,1
87,1121,99,99,0,1
87,1122,98,98,1,1
87,1124,100,100,0,1
87,1127,99,99,0,1
87,1127,99,99,0,1
87,1130,98,98,0,1
87,1130,98,98,0,1
88,1131,97,97,1,1
88,1133,99,99,0,1
88,1136,98,98,0,1
88,1136,98,98,0,1
88,1139,97,97,0,1
88,1139,97,97,0,1
88,1140,96,96,1,1
88,1142,98,98,0,1
88,1145,97,97,0,1
88,1145,97,97,0,1
88,1148,96,96,0,1
88,1148,96,96,0,1
88,1149,95,95,1,1
89,1151,97,97,0,1
89,1154,96,96,0,1
89,1154,96,96,0,1
89,1157,95,95,0,1
89,1157,95,95,0,1
89,1158,94,94,1,1
89,1160,96,96,0,1
89,1163,95,95,0,1
89,1163,95,95,0,1
89,1166,94,94,0,1
89,1166,94,94,0,1
89,1167,93,93,1,1
89,1169,95,95,0,1
90,1172,94,94,0,1
90,1172,94,94,0,1
90,1175,93,93,0,1
90,1175,93,93,0,1
90,1176,92,92,1,1
90,1178,94,94,0,1
90,1181,93,93,0,1
90,1181,93,93,0,1
90,1184,92,92,0,1
90,1184,92,92,0,1
90,1185,91,91,1,1
90,1187,93,93,0,1
90,1190,92,92,0,1
91,1190,92,92,0,1
91,1193,91,91,0,1
91,1193,91,91,0,1
91,1194,90,90,1,1
91,1196,92,92,0,1
91,1199,91,91,0,1
91,1199,91,91,0,1
91,1202,90,90,0,1
91,1202,90,90,0,1
91,1203,89,89,1,1
91,1205,91,91,0,1
91,1208,90,90,0,1
91,1208,90,90,0,1
92,1211,89,89,0,1
92,1211,89,89,0,1
92,1212,88,88,1,1
92,1214,90,90,0,1
92,1217,89,89,0,1
92,1217,89,89,0,1
92,1220,88,88,0,1
92,1220,88,88,0,1
92,1221,87,87,1,1
92,1223,89,89,0,1
92,1226,88,88,0,1
92,1226,88,88,0,1
93,1229,87,87,0,1
93,1229,87,87,0,1
93,1230,86,86,1,1
93,1232,88,88,0,1
93,1235,87,87,0,1
93,1235,87,87,0,1
93,1238,86,86,0,1
93,1238,86,86,0,1
93,1239,85,85,1,1
93,1241,87,87,0,1
93,1244,86,86,0,1
93,1244,86,86,0,1
93,1247,85,85,0,1
93,1247,85,85,0,1
94,1248,84,84,1,1
94,1250,86,86,0,1
94,1253,85,85,0,1
94,1253,85,85,0,1
94,1256,84,84,0,1
94,1256,84,84,0,1
94,1257,83,83,1,1
94,1259,85,85,0,1
94,1262,84,84,0,1
94,1262,84,84,0,1
94,1265,83,83,0,1
94,1265,83,83,0,1
94,1266,82,82,1,1
95,1268,84,84,0,1
95,1271,83,83,0,1
95,1271,83,83,0,1
95,1274,82,82,0,1
95,1274,82,82,0,1
95,1275,81,81,1,1
95,1277,83,83,0,1
95,1280,82,82,0,1
95,1280,82,82,0,1
95,1283,81,81,0,1
95,1283,81,81,0,1
95,1284,80,80,1,1
96,1286,82,82,0,1
96,1289,81,81,0,1
96,1289,81,81,0,1
96,1292,80,80,0,1
96,1292,80,80,0,1
96,1293,79,79,1,1
96,1295,81,81,0,1
96,1298,80,80,0,1
96,1298,80,80,0,1
96,1301,79,79,0,1
96,1301,79,79,0,1
96,1302,78,78,1,1
97,1304,80,80,0,1
97,1307,79,79,0,1
97,1307,79,79,0,1
97,1310,78,78,0,1
97,1310,78,78,0,1
97,1311,77,77,1,1
97,1313,79,79,0,1
97,1316,78,78,0,1
97,1316,78,78,0,1
97,1319,77,77,0,1
97,1319,77,77,0,1
97,1320,76,76,1,1
97,1322,78,78,0,1
98,1325,77,77,0,1
98,1325,77,77,0,1
98,1328,76,76,0,1
98,1328,76,76,0,1
98,1329,75,75,1,1
98,1331,77,77,0,1
98,1334,76,76,0,1
98,1334,76,76,0,1
98,1337,75,75,0,1
98,1337,75,75,0,1
98,1338,74,74,1,1
98,1340,76,76,0,1
98,1343,75,75,0,1
98,1343,75,75,0,1
99,1346,74,74,0,1
99,1346,74,74,0,1
99,1347,73,73,1,1
99,1349,75,75,0,1
99,1352,74,74,0,1
99,1352,74,74,0,1
99,1355,73,73,0,1
99,1355,73,73,0,1
99,1356,72,72,1,1
99,1358,74,74,0,1
99,1361,73,73,0,1
99,1361,73,73,0,1
99,1364,72,72,0,1
99,1364,72,72,0,1
100,1365,71,71,1,1
100,1367,73,73,0,1
100,1370,72,72,0,1
100,1370,72,72,0,1
100,1373,71,71,0,1
100,1373,71,71,0,1
100,1374,70,70,1,1
100,1376,72,72,0,1
100,1379,71,71,0,1
100,1379,71,71,0,1
100,1382,70,70,0,1
100,1382,70,70,0,1
101,1383,69,69,1,1
101,1385,71,71,0,1
101,1388,70,70,0,1
101,1388,70,70,0,1
101,1391,69,69,0,1
101,1391,69,69,0,1
101,1392,68,68,1,1
101,1394,70,70,0,1
101,1397,69,69,0,1
101,1397,69,69,0,1
102,1400,68,68,0,1
102,1400,68,68,0,1
102,1401,67,67,1,1
102,1403,69,69,0,1
102,1406,68,68,0,1
102,1406,68,68,0,1
102,1409,67,67,0,1
102,1409,67,67,0,1
102,1410,66,66,1,1
102,1412,68,68,0,1
102,1415,67,67,0,1
102,1415,67,67,0,1
103,1418,66,66,0,1
103,1418,66,66,0,1
103,1419,65,65,1,1
103,1421,67,67,0,1
103,1424,66,66,0,1
103,1424,66,66,0,1
103,1427,65,65,0,1
103,1427,65,65,0,1
103,1428,64,64,1,1
103,1430,66,66,0,1
103,1433,65,65,0,1
103,1433,65,65,0,1
104,1436,64,64,0,1
104,1436,64,64,0,1
104,1437,63,63,1,1
104,1439,65,65,0,1
104,1442,64,64,0,1
104,1442,64,64,0,1
104,1445,63,63,0,1
104,1445,63,63,0,1
104,1446,62,62,1,1
104,1448,64,64,0,1
104,1451,63,63,0,1
104,1451,63,63,0,1
105,1454,62,62,0,1
105,1454,62,62,0,1
105,1455,61,61,1,1
105,1457,63,63,0,1
105,1460,62,62,0,1
105,1460,62,62,0,1
105,1463,61,61,0,1
105,1463,61,61,0,1
105,1464,60,60,1,1
105,1466,62,62,0,1
105,1469,61,61,0,1
105,1469,61,61,0,1
105,1472,60,60,0,1
105,1472,60,60,0,1
106,1473,59,59,1,1
106,1475,61,61,0,1
106,1478,60,60,0,1
106,1478,60,60,0,1
106,1481,59,59,0,1
106,1481,59,59,0,1
106,1482,58,58,1,1
106,1484,60,60,0,1
106,1487,59,59,0,1
106,1487,59,59,0,1
106,1490,58,58,0,1
106,1490,58,58,0,1
107,1491,57,57,1,1
107,1493,59,59,0,1
107,1496,58,58,0,1
107,1496,58,58,0,1
107,1499,57,57,0,1
107,1499,57,57,0,1
107,1500,56,56,1,1
107,1502,58,58,0,1
107,1505,57,57,0,1
107,1505,57,57,0,1
107,1508,56,56,0,1
107,1508,56,56,0,1
107,1509,55,55,1,1
108,1511,57,57,0,1
108,1514,56,56,0,1
108,1514,56,56,0,1
108,1517,55,55,0,1
108,1517,55,55,0,1
108,1518,54,54,1,1
108,1520,56,56,0,1
108,1523,55,55,0,1
108,1523,55,55,0,1
108,1526,54,54,0,1
108,1526,54,54,0,1
108,1527,53,53,1,1
109,1529,55,55,0,1
109,1532,54,54,0,1
109,1532,54,54,0,1
109,1535,53,53,0,1
109,1535,53,53,0,1
109,1536,52,52,1,1
109,1538,54,54,0,1
109,1541,53,53,0,1
109,1541,53,53,0,1
109,1544,52,52,0,1
109,1544,52,52,0,1
109,1545,51,51,1,1
109,1547,53,53,0,1
110,1550,52,52,0,1
110,1550,52,52,0,1
110,1553,51,51,0,1
110,1553,51,51,0,1
110,1554,50,50,1,1
110,1556,52,52,0,1
110,1559,51,51,0,1
110,1559,51,51,0,1
110,1562,50,50,0,1
110,1562,50,50,0,1
110,1563,49,49,1,1
110,1565,51,51,0,1
111,1568,50,50,0,1
111,1568,50,50,0,1
111,1571,49,49,0,1
111,1571,49,49,0,1
111,1572,48,48,1,1
111,1574,50,50,0,1
111,1577,49,49,0,1
111,1577,49,49,0,1
111,1580,48,48,0,1
111,1580,48,48,0,1
111,1581,47,47,1,1
111,1583,49,49,0,1
112,1586,48,48,0,1
112,1586,48,48,0,1
112,1589,47,47,0,1
112,1589,47,47,0,1
112,1590,46,46,1,1
112,1592,48,48,0,1
112,1595,47,47,0,1
112,1595,47,47,0,1
112,1598,46,46,0,1
112,1598,46,46,0,1
112,1599,45,45,0,1
112,1599,45,45,0,1
113,1600,44,44,1,1
113,1602,46,46,0,1
113,1605,45,45,0,1
113,1605,45,45,0,1
113,1608,44,44,0,1
113,1608,44,44,0,1
113,1609,43,43,1,1
113,1611,45,45,0,1
114,1614,44,44,0,1
114,1614,44,44,0,1
114,1617,43,43,0,1
114,1617,43,43,0,1
114,1618,42,42,1,1
114,1620,44,44,0,1
114,1623,43,43,0,1
114,1623,43,43,0,1
114,1626,42,42,0,1
114,1626,42,42,0,1
114,1627,41,41,1,1
114,1629,43,43,0,1
115,1632,42,42,0,1
115,1632,42,42,0,1
115,1635,41,41,0,1
115,1635,41,41,0,1
115,1636,40,40,1,1
115,1638,42,42,0,1
115,1641,41,41,0,1
115,1641,41,41,0,1
115,1644,40,40,0,1
115,1644,40,40,0,1
116,1645,39,39,1,1
116,1647,41,41,0,1
116,1650,40,40,0,1
116,1650,40,40,0,1
116,1653,39,39,0,1
116,1653,39,39,0,1
116,1654,38,38,1,1
116,1656,40,40,0,1
116,1659,39,39,0,1
116,1659,39,39,0,1
116,1662,38,38,0,1
116,1662,38,38,0,1
117,1663,37,37,1,1
117,1665,39,39,0,1
117,1668,38,38,0,1
117,1668,38,38,0,1
117,1671,37,37,0,1
117,1671,37,37,0,1
117,1672,36,36,1,1
117,1674,38,38,0,1
117,1677,37,37,0,1
117,1677,37,37,0,1
117,1680,36,36,0,1
117,1680,36,36,0,1
117,1681,35,35,1,1
118,1683,37,37,0,1
118,1686,36,36,0,1
118,1686,36,36,0,1
118,1689,35,35,0,1
118,1689,35,35,0,1
118,1690,34,34,1,1
118,1692,36,36,0,1
118,1695,35,35,0,1
118,1695,35,35,0,1
118,1698,34,34,0,1
118,1698,34,34,0,1
118,1699,33,33,1,1
119,1701,35,35,0,1
119,1704,34,34,0,1
119,1704,34,34,0,1
119,1707,33,33,0,1
119,1707,33,33,0,1
119,1708,32,32,1,1
119,1710,34,34,0,1
119,1713,33,33,0,1
119,1713,33,33,0,1
119,1716,32,32,0,1
119,1716,32,32,0,1
119,1717,31,31,1,1
119,1719,33,33,0,1
120,1722,32,32,0,1
120,1722,32,32,0,1
120,1725,31,31,0,1
120,1725,31,31,0,1
120,1726,30,30,1,1
120,1728,32,32,0,1
120,1731,31,31,0,1
120,1731,31,31,0,1
120,1734,30,30,0,1
120,1734,30,30,0,1
120,1735,29,29,1,1
120,1737,31,31,0,1
121,1740,30,30,0,1
121,1740,30,30,0,1
121,1743,29,29,0,1
121,1743,29,29,0,1
121,1744,28,28,1,1
121,1746,30,30,0,1
121,1749,29,29,0,1
121,1749,29,29,0,1
121,1752,28,28,0,1
121,1752,28,28,0,1
121,1753,27,27,1,1
121,1755,29,29,0,1
121,1758,28,28,0,1
121,1758,28,28,0,1
122,1761,27,27,0,1
122,1761,27,27,0,1
122,1762,26,26,1,1
122,1764,28,28,0,1
122,1767,27,27,0,1
122,1767,27,27,0,1
122,1770,26,26,0,1
122,1770,26,26,0,1
122,1771,25,25,1,1
122,1773,27,27,0,1
122,1776,26,26,0,1
122,1776,26,26,0,1
122,1779,25,25,0,1
123,1779,25,25,0,1
123,1780,24,24,1,1
123,1782,26,26,0,1
123,1785,25,25,0,1
123,1785,25,25,0,1
123,1788,24,24,0,1
123,1788,24,24,0,1
123,1789,23,23,1,1
123,1791,25,25,0,1
123,1794,24,24,0,1
123,1794,24,24,0,1
123,1797,23,23,0,1
124,1797,23,23,0,1
124,1798,22,22,1,1
124,1800,24,24,0,1
124,1803,23,23,0,1
124,1803,23,23,0,1
124,1806,22,22,0,1
124,1806,22,22,0,1
124,1807,21,21,1,1
124,1809,23,23,0,1
124,1812,22,22,0,1
124,1812,22,22,0,1
124,1815,21,21,0,1
124,1815,21,21,0,1
125,1816,20,20,1,1
125,1818,22,22,0,1
125,1821,21,21,0,1
125,1821,21,21,0,1
125,1824,20,20,0,1
125,1824,20,20,0,1
125,1825,19,19,1,1
125,1827,21,21,0,1
125,1830,20,20,0,1
125,1830,20,20,0,1
126,1833,19,19,0,1
126,1833,19,19,0,1
126,1834,18,18,1,1
126,1836,20,20,0,1
126,1839,19,19,0,1
126,1839,19,19,0,1
126,1842,18,18,0,1
126,1842,18,18,0,1
126,1843,17,17,1,1
126,1845,19,19,0,1
126,1848,18,18,0,1
127,1848,18,18,0,1
127,1851,17,17,0,1
127,1851,17,17,0,1
127,1852,16,16,1,1
127,1854,18,18,0,1
127,1857,17,17,0,1
127,1857,17,17,0,1
127,1860,16,16,0,1
127,1860,16,16,0,1
127,1861,15,15,1,1
127,1863,17,17,0,1
128,1866,16,16,0,1
128,1866,16,16,0,1
128,1869,15,15,0,1
128,1869,15,15,0,1
128,1870,14,14,1,1
128,1872,16,16,0,1
128,1875,15,15,0,1
128,1875,15,15,0,1
128,1878,14,14,0,1
128,1878,14,14,0,1
128,1879,13,13,1,1
128,1881,15,15,0,1
129,1884,14,14,0,1
129,1884,14,14,0,1
129,1887,13,13,0,1
129,1887,13,13,0,1
129,1888,12,12,1,1
129,1890,14,14,0,1
129,1893,13,13,0,1
129,1893,13,13,0,1
129,1896,12,12,0,1
129,1896,12,12,0,1
129,1897,11,11,1,1
129,1899,13,13,0,1
129,1902,12,12,0,1
129,1902,12,12,0,1
130,1905,11,11,0,1
130,1905,11,11,0,1
130,1906,10,10,1,1
130,1908,12,12,0,1
130,1911,11,11,0,1
130,1911,11,11,0,1
130,1914,10,10,0,1
130,1914,10,10,0,1
130,1915,9,9,1,1
130,1917,11,11,0,1
130,1920,10,10,0,1
130,1920,10,10,0,1
131,1923,9,9,0,1
131,1923,9,9,0,1
131,1924,8,8,1,1
131,1926,10,10,0,1
131,1929,9,9,0,1
131,1929,9,9,0,1
131,1932,8,8,0,1
131,1932,8,8,0,1
131,1933,7,7,1,1
131,1935,9,9,0,1
131,1938,8,8,0,1
131,1938,8,8,0,1
131,1941,7,7,0,1
132,1941,7,7,0,1
132,1942,6,6,1,1
132,1944,8,8,0,1
132,1947,7,7,0,1
132,1947,7,7,0,1
132,1950,6,6,0,1
132,1950,6,6,0,1
132,1951,5,5,1,1
132,1953,7,7,0,1
132,1956,6,6,0,1
132,1956,6,6,0,1
133,1959,5,5,0,1
133,1959,5,5,0,1
133,1960,4,4,0,1
133,1960,4,4,0,1
133,1960,3,3,0,1
133,1960,3,3,0,1
133,1961,2,2,0,1
133,1961,2,2,0,1
133,1961,1,1,0,1
133,1961,1,1,0,1
133,1962,0,0,0,1
133,1962,0,0,0,1
