# unix_time, cycles_done, cur_path, paths_total, pending_total, pending_favs, map_size, unique_crashes, unique_hangs, max_depth, execs_per_sec, lowscore, highscore, regression, patch_dist
1556108716, 0, 0, 1, 1, 1, 0.01%, 0, 0, 1, 8.35, 1, 1, 2, 2
1556108721, 0, 0, 5, 5, 1, 0.03%, 1, 0, 2, 8.10, 1, 2, 2, 2
1556108726, 0, 0, 6, 6, 1, 0.03%, 1, 0, 2, 8.07, 1, 2, 0, 0
1556108732, 0, 0, 7, 7, 1, 0.04%, 1, 0, 2, 7.96, 1, 2, 0, 0
1556108737, 0, 0, 9, 9, 1, 0.05%, 1, 0, 2, 7.99, 1, 2, 0, 0
1556108742, 0, 0, 10, 10, 1, 0.05%, 1, 0, 2, 8.01, 1, 2, 0, 0
1556108752, 0, 0, 11, 11, 1, 0.06%, 1, 0, 2, 7.94, 1, 2, 0, 0
1556108757, 0, 0, 12, 12, 1, 0.06%, 1, 0, 2, 7.95, 1, 2, 0, 0
1556108762, 0, 0, 15, 15, 1, 0.07%, 1, 0, 2, 7.98, 1, 2, 0, 0
1556108772, 0, 0, 16, 16, 1, 0.08%, 1, 0, 2, 7.87, 1, 2, 0, 0
1556108777, 0, 0, 17, 17, 1, 0.08%, 1, 0, 2, 7.91, 1, 2, 0, 0
1556108782, 0, 0, 20, 20, 1, 0.10%, 1, 0, 2, 7.88, 1, 2, 0, 0
1556108792, 0, 0, 21, 21, 1, 0.10%, 1, 0, 2, 7.64, 1, 2, 0, 0
1556108797, 0, 0, 22, 22, 1, 0.11%, 1, 0, 2, 7.74, 1, 2, 0, 0
1556108813, 0, 0, 23, 23, 1, 0.11%, 1, 0, 2, 7.84, 1, 2, 0, 0
1556108849, 0, 0, 24, 24, 1, 0.12%, 1, 0, 2, 7.82, 1, 2, 0, 0
1556108854, 0, 0, 25, 25, 1, 0.12%, 1, 0, 2, 7.80, 1, 2, 0, 0
1556108859, 0, 1, 25, 24, 24, 0.12%, 1, 0, 2, 7.83, 1, 2, 0, 0
1556108895, 0, 1, 26, 25, 24, 0.13%, 1, 0, 3, 7.90, 1, 2, 0, 0
1556108900, 0, 2, 26, 24, 24, 0.13%, 1, 0, 3, 7.82, 1, 2, 0, 0
