rsa_modpow_1717

hydiff-spf:
deltas=[111, 97, 97, 97, 97, 102, 97, 97, 97, 97, 103, 97, 107, 97, 97, 103, 97, 97, 97, 115, 97, 107, 97, 97, 97, 97, 97, 102, 97, 97]
delta>0Times=[6, 4, 5, 5, 6, 5, 6, 6, 5, 5, 4, 5, 4, 5, 5, 6, 5, 5, 5, 6, 5, 6, 5, 5, 5, 5, 5, 4, 5, 5]
deltas(30s)=[97, 97, 97, 97, 97, 102, 97, 97, 97, 97, 97, 97, 97, 97, 97, 103, 97, 97, 97, 97, 97, 97, 97, 97, 97, 97, 97, 102, 97, 97]

hydiff-afl:
deltas=[112, 104, 108, 108, 104, 108, 105, 112, 108, 108, 108, 104, 112, 111, 108, 112, 105, 104, 104, 116, 108, 108, 104, 108, 112, 108, 108, 108, 112, 108]
delta>0Times=[3, 2, 2, 3, 3, 1, 2, 3, 2, 1, 1, 3, 1, 2, 3, 2, 3, 2, 1, 3, 1, 4, 3, 2, 2, 2, 5, 2, 5, 1]
deltas(30s)=[69, 84, 92, 58, 97, 92, 50, 62, 68, 85, 41, 50, 93, 104, 82, 96, 96, 63, 74, 52, 92, 76, 92, 51, 46, 97, 104, 97, 72, 67]

best:
delta
max_data mean=108.17 error=+/- 1.10 best=116
[112, 104, 108, 108, 104, 108, 105, 112, 108, 108, 108, 104, 112, 111, 108, 112, 105, 104, 104, 116, 108, 108, 104, 108, 112, 108, 108, 108, 112, 108]

time
max_data mean=2.33 error=+/- 0.38 best=1
[3, 2, 2, 3, 3, 1, 2, 3, 2, 1, 1, 3, 1, 2, 3, 2, 3, 2, 1, 3, 1, 4, 3, 2, 2, 2, 5, 2, 5, 1]

delta (30s)
data1: mean=76.73 stdv=18.93
data2 mean=97.53 stdv=1.61
max_data mean=98.00 error=+/-0.81 best=104
[97, 97, 97, 97, 97, 102, 97, 97, 97, 97, 97, 97, 97, 104, 97, 103, 97, 97, 97, 97, 97, 97, 97, 97, 97, 97, 104, 102, 97, 97]


--------------

rsa_modpow_1964903306

hydiff-afl:
1800,275.93,3.17,307
time delta>0:
1.93 (+/- 0.26)
delta>0Times=[1, 2, 2, 1, 2, 2, 2, 2, 1, 2, 1, 2, 2, 1, 2, 4, 1, 2, 3, 3, 2, 2, 1, 2, 2, 1, 3, 2, 3, 2]
delta>0_src=['afl', 'afl', 'afl', 'afl', 'afl', 'afl', 'afl', 'afl', 'afl', 'afl', 'afl', 'afl', 'afl', 'afl', 'afl', 'afl', 'afl', 'afl', 'afl', 'afl', 'afl', 'afl', 'afl', 'afl', 'afl', 'afl', 'afl', 'afl', 'afl', 'afl']
deltas=[276, 271, 274, 286, 269, 271, 266, 266, 284, 274, 268, 266, 281, 289, 269, 269, 281, 268, 282, 271, 280, 273, 271, 290, 277, 268, 277, 307, 277, 277]
deltas(30s)=[209, 139, 215, 227, 222, 215, 209, 233, 215, 265, 256, 266, 241, 262, 227, 218, 178, 166, 218, 139, 209, 262, 224, 191, 269, 224, 238, 212, 215, 184]


hydiff-spf:
1800,253.37,1.35,267
time delta>0:
4.53 (+/- 0.24)
delta>0Times=[5, 6, 5, 4, 5, 4, 5, 4, 4, 4, 6, 4, 5, 4, 4, 5, 6, 4, 4, 4, 5, 4, 4, 4, 4, 4, 5, 5, 5, 4]
delta>0_src=['spf', 'spf', 'spf', 'spf', 'spf', 'spf', 'spf', 'spf', 'spf', 'spf', 'spf', 'spf', 'spf', 'spf', 'spf', 'spf', 'spf', 'spf', 'spf', 'spf', 'spf', 'spf', 'spf', 'spf', 'spf', 'spf', 'spf', 'spf', 'spf', 'spf']
deltas=[252, 252, 252, 252, 252, 252, 252, 252, 267, 252, 255, 252, 252, 261, 252, 252, 252, 252, 252, 252, 252, 252, 252, 252, 252, 252, 265, 253, 252, 252]
deltas(30s)=[252, 252, 252, 252, 252, 252, 252, 252, 267, 252, 255, 252, 252, 252, 252, 252, 252, 252, 252, 252, 252, 252, 252, 252, 252, 252, 265, 253, 252, 252]

best:
delta
data1: mean=275.93 stdv=8.85
data2 mean=253.37 stdv=3.78
max_data mean=275.93 error=+/-3.17 best=307
[276, 271, 274, 286, 269, 271, 266, 266, 284, 274, 268, 266, 281, 289, 269, 269, 281, 268, 282, 271, 280, 273, 271, 290, 277, 268, 277, 307, 277, 277]

time:
data1: mean=1.93 error=+/-0.26
data2 mean=4.53 error=+/-0.24
max_data mean=1.93 error=+/-0.26 best=1
[1, 2, 2, 1, 2, 2, 2, 2, 1, 2, 1, 2, 2, 1, 2, 4, 1, 2, 3, 3, 2, 2, 1, 2, 2, 1, 3, 2, 3, 2]

delta (30s):
data1: mean=218.27 error=+/-11.84
data2 mean=253.07 error=+/-1.26
max_data mean=255.23 error=+/-2.02 best=269
[252, 252, 252, 252, 252, 252, 252, 252, 267, 265, 256, 266, 252, 262, 252, 252, 252, 252, 252, 252, 252, 262, 252, 252, 269, 252, 265, 253, 252, 252]


--------------

tcas_v1


hydiff-afl:
600,1.00,0.00,4.67,0.40
time +odiff>0:
104.17 (+/- 16.05) min=30
+odiff_times=[68, 150, 82, 169, 149, 144, 60, 125, 135, 125, 39, 146, 70, 71, 139, 63, 138, 166, 30, 31, 31, 72, 144, 141, 162, 125, 80, 64, 67, 139]
+odiff_src=['spf', 'spf', 'spf', 'spf', 'spf', 'spf', 'spf', 'spf', 'spf', 'spf', 'spf', 'spf', 'spf', 'spf', 'spf', 'spf', 'spf', 'spf', 'spf', 'spf', 'spf', 'spf', 'spf', 'spf', 'spf', 'spf', 'spf', 'spf', 'spf', 'spf']
#odiffs=[1, 1, 1, 1, 1, 1, 1, 1, 1, 1, 1, 1, 1, 1, 1, 1, 1, 1, 1, 1, 1, 1, 1, 1, 1, 1, 1, 1, 1, 1]
#ddiffs=[6, 4, 4, 5, 4, 6, 6, 6, 6, 3, 5, 4, 4, 4, 5, 4, 4, 8, 5, 4, 3, 6, 4, 4, 6, 4, 4, 4, 4, 4]

hydiff-spf:
600,1.00,0.00,3.00,0.00
time +odiff>0:
49.87 (+/- 5.48) min=29
+odiff_times=[44, 71, 80, 70, 62, 47, 49, 46, 47, 29, 30, 30, 67, 66, 31, 56, 44, 65, 30, 31, 31, 66, 50, 63, 64, 30, 55, 48, 32, 62]
+odiff_src=['spf', 'spf', 'spf', 'spf', 'spf', 'spf', 'spf', 'spf', 'spf', 'spf', 'spf', 'spf', 'spf', 'spf', 'spf', 'spf', 'spf', 'spf', 'spf', 'spf', 'spf', 'spf', 'spf', 'spf', 'spf', 'spf', 'spf', 'spf', 'spf', 'spf']
#odiffs=[1, 1, 1, 1, 1, 1, 1, 1, 1, 1, 1, 1, 1, 1, 1, 1, 1, 1, 1, 1, 1, 1, 1, 1, 1, 1, 1, 1, 1, 1]
#ddiffs=[3, 3, 3, 3, 3, 3, 3, 3, 3, 3, 3, 3, 3, 3, 3, 3, 3, 3, 3, 3, 3, 3, 3, 3, 3, 3, 3, 3, 3, 3]

best

time odiffs:
data1: mean=104.17 error=+/-16.05
data2 mean=49.87 error=+/-5.48
max_data mean=49.87 error=+/-5.48 best=29
[44, 71, 80, 70, 62, 47, 49, 46, 47, 29, 30, 30, 67, 66, 31, 56, 44, 65, 30, 31, 31, 66, 50, 63, 64, 30, 55, 48, 32, 62]



--------------
themis_jetty_unsafe


hydiff-afl:
1800,100.53,1.37,111
time delta>0:
5.90 (+/- 1.12)
delta>0Times=[15, 3, 4, 9, 3, 12, 6, 11, 6, 4, 5, 5, 12, 2, 7, 5, 6, 6, 3, 2, 8, 7, 4, 5, 6, 4, 7, 3, 3, 4]
delta>0_src=['afl', 'afl', 'afl', 'afl', 'afl', 'afl', 'afl', 'afl', 'afl', 'afl', 'afl', 'afl', 'afl', 'afl', 'afl', 'afl', 'afl', 'afl', 'afl', 'afl', 'afl', 'afl', 'afl', 'afl', 'afl', 'afl', 'afl', 'afl', 'afl', 'afl']
deltas=[99, 99, 98, 98, 104, 98, 98, 98, 107, 98, 99, 99, 98, 98, 98, 101, 98, 110, 98, 101, 98, 104, 111, 98, 105, 98, 102, 98, 107, 98]
deltas(30s)=[6, 3, 8, 3, 14, 5, 12, 3, 8, 8, 9, 6, 6, 11, 20, 9, 3, 6, 8, 8, 6, 9, 3, 12, 20, 9, 20, 3, 11, 14]


hydiff-spf:
1800,98.00,0.00,98
time delta>0:
67.53 (+/- 5.47)
delta>0Times=[70, 69, 75, 70, 72, 71, 68, 72, 77, 69, 69, 71, 69, 12, 71, 80, 70, 69, 74, 70, 70, 74, 72, 69, 73, 72, 11, 67, 80, 70]
delta>0_src=['spf', 'spf', 'spf', 'spf', 'spf', 'spf', 'spf', 'spf', 'spf', 'spf', 'spf', 'spf', 'spf', 'spf', 'spf', 'spf', 'spf', 'spf', 'spf', 'spf', 'spf', 'spf', 'spf', 'spf', 'spf', 'spf', 'spf', 'spf', 'spf', 'spf']
deltas=[98, 98, 98, 98, 98, 98, 98, 98, 98, 98, 98, 98, 98, 98, 98, 98, 98, 98, 98, 98, 98, 98, 98, 98, 98, 98, 98, 98, 98, 98]
deltas(30s)=[98, 83, 95, 80, 95, 98, 77, 98, 98, 98, 98, 98, 98, 98, 98, 98, 83, 95, 98, 98, 98, 98, 98, 95, 86, 98, 98, 98, 98, 98]

best

delta:
data1: mean=100.53 error=+/-1.37
data2 mean=98.00 error=+/-0.00
merged_data mean=100.53 error=+/-1.37 best=111
[99, 99, 98, 98, 104, 98, 98, 98, 107, 98, 99, 99, 98, 98, 98, 101, 98, 110, 98, 101, 98, 104, 111, 98, 105, 98, 102, 98, 107, 98]

time:
data1: mean=5.90 error=+/-1.12
data2 mean=67.53 error=+/-5.47
merged_data mean=5.90 error=+/-1.12 best=2
[15, 3, 4, 9, 3, 12, 6, 11, 6, 4, 5, 5, 12, 2, 7, 5, 6, 6, 3, 2, 8, 7, 4, 5, 6, 4, 7, 3, 3, 4]


--------------
rsa_modpow_834443


hydiff-afl:
1800,184.47,1.22,191
time delta>0:
1.73 (+/- 0.23)
delta>0Times=[2, 1, 2, 1, 1, 2, 2, 1, 3, 2, 1, 2, 2, 2, 1, 3, 3, 1, 2, 2, 2, 2, 1, 2, 1, 2, 1, 2, 1, 2]
delta>0_src=['afl', 'afl', 'afl', 'afl', 'afl', 'afl', 'afl', 'afl', 'afl', 'afl', 'afl', 'afl', 'afl', 'afl', 'afl', 'afl', 'afl', 'afl', 'afl', 'afl', 'afl', 'afl', 'afl', 'afl', 'afl', 'afl', 'afl', 'afl', 'afl', 'afl']
deltas=[184, 182, 182, 185, 189, 182, 187, 186, 180, 183, 177, 191, 190, 184, 189, 187, 182, 187, 186, 182, 190, 181, 183, 183, 186, 183, 180, 180, 186, 187]
deltas(30s)=[162, 116, 174, 161, 168, 160, 128, 128, 139, 181, 164, 106, 135, 140, 157, 171, 132, 153, 143, 167, 167, 123, 159, 146, 137, 157, 156, 119, 179, 155]

hydiff-spf:
1800,172.80,1.21,190
time delta>0:
4.67 (+/- 0.19)
delta>0Times=[5, 6, 5, 5, 5, 5, 5, 5, 4, 4, 4, 4, 4, 5, 4, 5, 4, 5, 5, 4, 5, 5, 5, 5, 5, 4, 5, 4, 5, 4]
delta>0_src=['spf', 'spf', 'spf', 'spf', 'spf', 'spf', 'spf', 'spf', 'spf', 'spf', 'spf', 'spf', 'spf', 'spf', 'spf', 'spf', 'spf', 'spf', 'spf', 'spf', 'spf', 'spf', 'spf', 'spf', 'spf', 'spf', 'spf', 'spf', 'spf', 'spf']
deltas=[172, 172, 172, 172, 190, 172, 172, 172, 172, 172, 172, 172, 172, 172, 172, 178, 172, 172, 172, 172, 172, 172, 172, 172, 172, 172, 172, 172, 172, 172]
deltas(30s)=[172, 172, 172, 172, 172, 172, 172, 172, 172, 172, 172, 172, 172, 172, 172, 178, 172, 172, 172, 172, 172, 172, 172, 172, 172, 172, 172, 172, 172, 172]

best:

delta:
data1: mean=184.47 error=+/-1.22
data2 mean=172.80 error=+/-1.21
merged_data mean=184.50 error=+/-1.24 best=191
[184, 182, 182, 185, 190, 182, 187, 186, 180, 183, 177, 191, 190, 184, 189, 187, 182, 187, 186, 182, 190, 181, 183, 183, 186, 183, 180, 180, 186, 187]


time
data1: mean=1.73 error=+/-0.23
data2 mean=4.67 error=+/-0.19
merged_data mean=1.73 error=+/-0.23 best=1
[2, 1, 2, 1, 1, 2, 2, 1, 3, 2, 1, 2, 2, 2, 1, 3, 3, 1, 2, 2, 2, 2, 1, 2, 1, 2, 1, 2, 1, 2]

delta (30s):
data1: mean=149.43 error=+/-6.94
data2 mean=172.20 error=+/-0.39
merged_data mean=172.80 error=+/-0.80 best=181
[172, 172, 174, 172, 172, 172, 172, 172, 172, 181, 172, 172, 172, 172, 172, 178, 172, 172, 172, 172, 172, 172, 172, 172, 172, 172, 172, 172, 179, 172]

--------------

tcas_v2

hydiff-afl:
600,1.23,0.18,13.83,0.37
time +odiff>0:
193.33 (+/- 14.23) min=92
+odiff_times=[205, 203, 210, 101, 172, 217, 138, 217, 226, 190, 251, 164, 177, 140, 230, 163, 161, 137, 216, 223, 92, 206, 211, 214, 217, 235, 227, 231, 232, 194]
+odiff_src=['afl', 'afl', 'spf', 'afl', 'afl', 'afl', 'afl', 'afl', 'afl', 'afl', 'afl', 'afl', 'afl', 'afl', 'afl', 'afl', 'afl', 'afl', 'spf', 'afl', 'afl', 'spf', 'afl', 'afl', 'afl', 'afl', 'spf', 'spf', 'afl', 'afl']
#odiffs=[1, 1, 2, 2, 1, 1, 1, 1, 1, 2, 1, 1, 1, 1, 1, 3, 2, 1, 1, 1, 1, 1, 1, 1, 1, 1, 1, 2, 1, 1]
#ddiffs=[13, 14, 13, 15, 15, 12, 15, 14, 14, 15, 14, 13, 14, 16, 14, 15, 14, 14, 14, 12, 13, 12, 14, 15, 15, 12, 14, 13, 13, 14]

hydiff-spf
600,1.00,0.00,8.97,0.06
time +odiff>0:
211.30 (+/- 1.47) min=205
+odiff_times=[216, 208, 210, 215, 208, 212, 214, 207, 211, 213, 216, 208, 212, 214, 205, 210, 212, 219, 208, 212, 205, 206, 214, 209, 215, 208, 208, 223, 208, 213]
+odiff_src=['spf', 'spf', 'spf', 'spf', 'spf', 'spf', 'spf', 'spf', 'spf', 'spf', 'spf', 'spf', 'spf', 'spf', 'spf', 'spf', 'spf', 'spf', 'spf', 'spf', 'spf', 'spf', 'spf', 'spf', 'spf', 'spf', 'spf', 'spf', 'spf', 'spf']
#odiffs=[1, 1, 1, 1, 1, 1, 1, 1, 1, 1, 1, 1, 1, 1, 1, 1, 1, 1, 1, 1, 1, 1, 1, 1, 1, 1, 1, 1, 1, 1]
#ddiffs=[9, 9, 9, 9, 9, 9, 9, 9, 9, 9, 9, 9, 9, 9, 9, 9, 9, 9, 9, 9, 9, 9, 9, 9, 9, 9, 9, 9, 9, 8]


hydiff-merged
600,1.23,0.18,13.83,0.37
We do not report times because we make so sense here!
#odiffs=[1, 1, 2, 2, 1, 1, 1, 1, 1, 2, 1, 1, 1, 1, 1, 3, 2, 1, 1, 1, 1, 1, 1, 1, 1, 1, 1, 2, 1, 1]
#ddiffs=[13, 14, 13, 15, 15, 12, 15, 14, 14, 15, 14, 13, 14, 16, 14, 15, 14, 14, 14, 12, 13, 12, 14, 15, 15, 12, 14, 13, 13, 14]


best
time odiff:
data1: mean=193.33 error=+/-14.23
data2 mean=211.30 error=+/-1.47
merged_data mean=186.87 error=+/-12.30 best=92
[205, 203, 210, 101, 172, 212, 138, 207, 211, 190, 216, 164, 177, 140, 205, 163, 161, 137, 208, 212, 92, 206, 211, 209, 215, 208, 208, 223, 208, 194]

--------------

tcas_v3

hydiff_afl:
600,2.00,0.00,57.37,1.52

time +odiff>0:
281.83 (+/- 6.39) min=236
+odiff_times=[287, 262, 271, 263, 271, 273, 305, 313, 304, 260, 295, 294, 301, 236, 273, 308, 275, 273, 271, 268, 286, 295, 300, 276, 268, 308, 299, 279, 268, 273]
+odiff_src=['spf', 'spf', 'afl->spf', 'spf', 'spf', 'spf', 'spf', 'spf', 'spf', 'afl', 'spf', 'spf', 'spf', 'afl', 'spf', 'spf', 'spf', 'spf', 'spf', 'afl->spf', 'afl->spf', 'spf', 'spf', 'spf', 'afl', 'spf', 'spf', 'spf', 'spf', 'spf']
#odiffs=[2, 2, 2, 2, 2, 2, 2, 2, 2, 2, 2, 2, 2, 2, 2, 2, 2, 2, 2, 2, 2, 2, 2, 2, 2, 2, 2, 2, 2, 2]
#ddiffs=[62, 61, 57, 51, 67, 51, 51, 56, 62, 52, 60, 65, 59, 57, 54, 54, 54, 56, 58, 59, 55, 59, 57, 54, 67, 55, 57, 54, 59, 58]

hydiff-spf:
600,2.00,0.00,19.27,0.42

time +odiff>0:
264.77 (+/- 3.21) min=250
+odiff_times=[277, 262, 258, 253, 252, 272, 256, 265, 256, 274, 255, 256, 253, 265, 272, 257, 274, 272, 270, 257, 273, 258, 261, 276, 272, 278, 250, 279, 268, 272]
+odiff_src=['spf', 'spf', 'spf', 'spf', 'spf', 'spf', 'spf', 'spf', 'spf', 'spf', 'spf', 'spf', 'spf', 'spf', 'spf', 'spf', 'spf', 'spf', 'spf', 'spf', 'spf', 'spf', 'spf', 'spf', 'spf', 'spf', 'spf', 'spf', 'spf', 'spf']
#odiffs=[2, 2, 2, 2, 2, 2, 2, 2, 2, 2, 2, 2, 2, 2, 2, 2, 2, 2, 2, 2, 2, 2, 2, 2, 2, 2, 2, 2, 2, 2]
#ddiffs=[17, 19, 20, 19, 20, 20, 16, 20, 18, 18, 19, 20, 20, 19, 19, 17, 20, 19, 20, 20, 21, 19, 21, 21, 19, 18, 19, 20, 20, 20]

hydiff-merged:
600,2.00,0.00,57.43,1.54

We do not report times because we make so sense here!
#odiffs=[2, 2, 2, 2, 2, 2, 2, 2, 2, 2, 2, 2, 2, 2, 2, 2, 2, 2, 2, 2, 2, 2, 2, 2, 2, 2, 2, 2, 2, 2]
#ddiffs=[62, 61, 57, 51, 68, 51, 51, 56, 62, 52, 60, 65, 59, 57, 54, 54, 54, 56, 58, 59, 55, 59, 57, 54, 67, 56, 57, 54, 59, 58]


best

time odiff
data1: mean=281.83 error=+/-6.39
data2 mean=264.77 error=+/-3.21
merged_data mean=263.20 error=+/-3.61 best=236
[277, 262, 258, 253, 252, 272, 256, 265, 256, 260, 255, 256, 253, 236, 272, 257, 274, 272, 270, 257, 273, 258, 261, 276, 268, 278, 250, 279, 268, 272]

--------------

tcas_v6

hydiff_afl:
600,1.00,0.00,10.37,0.70

time +odiff>0:
59.53 (+/- 23.27) min=6
+odiff_times=[8, 155, 117, 53, 73, 8, 9, 8, 128, 217, 67, 149, 7, 37, 6, 103, 36, 69, 42, 8, 43, 8, 185, 8, 8, 9, 201, 8, 8, 8]
+odiff_src=['spf', 'afl', 'spf', 'afl', 'spf', 'spf', 'spf', 'spf', 'afl', 'afl', 'afl', 'afl', 'spf', 'afl', 'spf', 'spf', 'afl', 'spf', 'afl', 'spf', 'afl', 'spf', 'afl', 'spf', 'spf', 'spf', 'afl', 'spf', 'spf', 'spf']
#odiffs=[1, 1, 1, 1, 1, 1, 1, 1, 1, 1, 1, 1, 1, 1, 1, 1, 1, 1, 1, 1, 1, 1, 1, 1, 1, 1, 1, 1, 1, 1]
#ddiffs=[11, 13, 10, 12, 9, 12, 12, 8, 11, 10, 11, 8, 10, 14, 11, 11, 13, 12, 9, 9, 6, 8, 11, 12, 7, 9, 14, 9, 9, 10]

hydiff-spf:
600,1.00,0.00,6.00,0.00

time +odiff>0:
7.57 (+/- 0.26) min=6
+odiff_times=[8, 7, 7, 8, 7, 8, 9, 8, 7, 7, 8, 8, 7, 7, 6, 7, 7, 6, 7, 8, 8, 8, 7, 8, 8, 9, 8, 8, 8, 8]
+odiff_src=['spf', 'spf', 'spf', 'spf', 'spf', 'spf', 'spf', 'spf', 'spf', 'spf', 'spf', 'spf', 'spf', 'spf', 'spf', 'spf', 'spf', 'spf', 'spf', 'spf', 'spf', 'spf', 'spf', 'spf', 'spf', 'spf', 'spf', 'spf', 'spf', 'spf']
#odiffs=[1, 1, 1, 1, 1, 1, 1, 1, 1, 1, 1, 1, 1, 1, 1, 1, 1, 1, 1, 1, 1, 1, 1, 1, 1, 1, 1, 1, 1, 1]
#ddiffs=[6, 6, 6, 6, 6, 6, 6, 6, 6, 6, 6, 6, 6, 6, 6, 6, 6, 6, 6, 6, 6, 6, 6, 6, 6, 6, 6, 6, 6, 6]

hydiff-merged:
600,1.00,0.00,10.37,0.70

We do not report times because we make so sense here!
#odiffs=[1, 1, 1, 1, 1, 1, 1, 1, 1, 1, 1, 1, 1, 1, 1, 1, 1, 1, 1, 1, 1, 1, 1, 1, 1, 1, 1, 1, 1, 1]
#ddiffs=[11, 13, 10, 12, 9, 12, 12, 8, 11, 10, 11, 8, 10, 14, 11, 11, 13, 12, 9, 9, 6, 8, 11, 12, 7, 9, 14, 9, 9, 10]

best

time odiff:
data1: mean=59.53 error=+/-23.27
data2 mean=7.57 error=+/-0.26
merged_data mean=7.57 error=+/-0.26 best=6
[8, 7, 7, 8, 7, 8, 9, 8, 7, 7, 8, 8, 7, 7, 6, 7, 7, 6, 7, 8, 8, 8, 7, 8, 8, 9, 8, 8, 8, 8]


--------------

tcas_v8

hydiff-afl:
600,2.00,0.00,8.73,0.51
time +odiff>0:
92.60 (+/- 9.49) min=62
+odiff_times=[123, 122, 67, 81, 117, 119, 64, 68, 117, 65, 122, 122, 118, 67, 120, 118, 64, 65, 115, 64, 62, 115, 123, 62, 68, 115, 66, 67, 65, 117]
+odiff_src=['spf', 'spf', 'spf', 'spf', 'spf', 'spf', 'spf', 'spf', 'spf', 'spf', 'spf', 'spf', 'spf', 'spf', 'spf', 'spf', 'spf', 'spf', 'spf', 'spf', 'spf', 'spf', 'spf', 'spf', 'spf', 'spf', 'spf', 'spf', 'spf', 'spf']
#odiffs=[2, 2, 2, 2, 2, 2, 2, 2, 2, 2, 2, 2, 2, 2, 2, 2, 2, 2, 2, 2, 2, 2, 2, 2, 2, 2, 2, 2, 2, 2]
#ddiffs=[9, 9, 8, 8, 8, 7, 8, 11, 7, 10, 7, 11, 7, 8, 9, 7, 8, 13, 9, 9, 10, 10, 9, 10, 10, 8, 8, 9, 8, 7]

hydiff-spf:
600,2.00,0.00,6.00,0.00
time +odiff>0:
65.33 (+/- 0.75) min=61
+odiff_times=[67, 66, 67, 67, 66, 66, 64, 68, 64, 65, 68, 71, 65, 64, 65, 65, 64, 65, 63, 64, 62, 61, 68, 62, 68, 63, 66, 65, 65, 66]
+odiff_src=['spf', 'spf', 'spf', 'spf', 'spf', 'spf', 'spf', 'spf', 'spf', 'spf', 'spf', 'spf', 'spf', 'spf', 'spf', 'spf', 'spf', 'spf', 'spf', 'spf', 'spf', 'spf', 'spf', 'spf', 'spf', 'spf', 'spf', 'spf', 'spf', 'spf']
#odiffs=[2, 2, 2, 2, 2, 2, 2, 2, 2, 2, 2, 2, 2, 2, 2, 2, 2, 2, 2, 2, 2, 2, 2, 2, 2, 2, 2, 2, 2, 2]
#ddiffs=[6, 6, 6, 6, 6, 6, 6, 6, 6, 6, 6, 6, 6, 6, 6, 6, 6, 6, 6, 6, 6, 6, 6, 6, 6, 6, 6, 6, 6, 6]

hydiff-merged:
600,2.00,0.00,8.77,0.49
We do not report times because we make so sense here!
#odiffs=[2, 2, 2, 2, 2, 2, 2, 2, 2, 2, 2, 2, 2, 2, 2, 2, 2, 2, 2, 2, 2, 2, 2, 2, 2, 2, 2, 2, 2, 2]
#ddiffs=[9, 9, 8, 8, 8, 7, 8, 11, 7, 10, 8, 11, 7, 8, 9, 7, 8, 13, 9, 9, 10, 10, 9, 10, 10, 8, 8, 9, 8, 7]


best time
data1: mean=92.60 error=+/-9.49
data2 mean=65.33 error=+/-0.75
merged_data mean=65.33 error=+/-0.75 best=61
[67, 66, 67, 67, 66, 66, 64, 68, 64, 65, 68, 71, 65, 64, 65, 65, 64, 65, 63, 64, 62, 61, 68, 62, 68, 63, 66, 65, 65, 66]


--------------

blazer_login_unsafe

hydiff-afl:
1800,253.87,0.26,254
time delta>0:
3.47 (+/- 0.74)
delta>0Times=[2, 4, 7, 4, 6, 1, 3, 3, 6, 2, 7, 3, 3, 2, 1, 2, 2, 9, 6, 1, 6, 4, 4, 2, 3, 1, 3, 4, 2, 1]
delta>0_src=['afl', 'afl', 'afl', 'afl', 'afl', 'afl', 'afl', 'afl', 'afl', 'afl', 'afl', 'afl', 'afl', 'afl', 'afl', 'afl', 'afl', 'afl', 'afl', 'afl', 'afl', 'afl', 'afl', 'afl', 'afl', 'afl', 'afl', 'afl', 'afl', 'afl']
deltas=[254, 254, 254, 254, 254, 254, 254, 254, 254, 254, 254, 254, 254, 254, 250, 254, 254, 254, 254, 254, 254, 254, 254, 254, 254, 254, 254, 254, 254, 254]

hydiff-spf:
1800,254.00,0.00,254
time delta>0:
36.90 (+/- 4.26)
delta>0Times=[42, 40, 10, 41, 43, 42, 42, 43, 12, 11, 10, 44, 41, 43, 45, 42, 43, 41, 9, 42, 43, 42, 41, 41, 42, 42, 41, 43, 43, 43]
delta>0_src=['spf', 'spf', 'spf', 'spf', 'spf', 'spf', 'spf', 'spf', 'spf', 'spf', 'spf', 'spf', 'spf', 'spf', 'spf', 'spf', 'spf', 'spf', 'spf', 'spf', 'spf', 'spf', 'spf', 'spf', 'spf', 'spf', 'spf', 'spf', 'spf', 'spf']
deltas=[254, 254, 254, 254, 254, 254, 254, 254, 254, 254, 254, 254, 254, 254, 254, 254, 254, 254, 254, 254, 254, 254, 254, 254, 254, 254, 254, 254, 254, 254]
deltas(30s)=[198, 254, 194, 254, 222, 214, 214, 214, 118, 222, 246, 218, 254, 250, 218, 254, 250, 210, 194, 214, 214, 254, 254, 254, 226, 254, 254, 206, 214, 218]

best

time
data1: mean=3.47 error=+/-0.74
data2 mean=36.90 error=+/-4.26
merged_data mean=3.47 error=+/-0.74 best=1
[2, 4, 7, 4, 6, 1, 3, 3, 6, 2, 7, 3, 3, 2, 1, 2, 2, 9, 6, 1, 6, 4, 4, 2, 3, 1, 3, 4, 2, 1]

delta:
data1: mean=253.87 error=+/-0.26
data2 mean=254.00 error=+/-0.00
merged_data mean=254.00 error=+/-0.00 best=254
[254, 254, 254, 254, 254, 254, 254, 254, 254, 254, 254, 254, 254, 254, 254, 254, 254, 254, 254, 254, 254, 254, 254, 254, 254, 254, 254, 254, 254, 254]


--------------

blazer_login_safe

hydiff-afl:
1800,0.00,0.00,0
time delta>0:
1800.00 (+/- 0.00)
delta>0Times=[1800, 1800, 1800, 1800, 1800, 1800, 1800, 1800, 1800, 1800, 1800, 1800, 1800, 1800, 1800, 1800, 1800, 1800, 1800, 1800, 1800, 1800, 1800, 1800, 1800, 1800, 1800, 1800, 1800, 1800]
delta>0_src=[]
deltas=[0, 0, 0, 0, 0, 0, 0, 0, 0, 0, 0, 0, 0, 0, 0, 0, 0, 0, 0, 0, 0, 0, 0, 0, 0, 0, 0, 0, 0, 0]


hydiff-spf:
1800,0.00,0.00,0

time delta>0:
1800.00 (+/- 0.00)
delta>0Times=[1800, 1800, 1800, 1800, 1800, 1800, 1800, 1800, 1800, 1800, 1800, 1800, 1800, 1800, 1800, 1800, 1800, 1800, 1800, 1800, 1800, 1800, 1800, 1800, 1800, 1800, 1800, 1800, 1800, 1800]
delta>0_src=[]
deltas=[0, 0, 0, 0, 0, 0, 0, 0, 0, 0, 0, 0, 0, 0, 0, 0, 0, 0, 0, 0, 0, 0, 0, 0, 0, 0, 0, 0, 0, 0]
deltas(30s)=[0, 0, 0, 0, 0, 0, 0, 0, 0, 0, 0, 0, 0, 0, 0, 0, 0, 0, 0, 0, 0, 0, 0, 0, 0, 0, 0, 0, 0, 0]


--------------
themis_jetty_safe


hydiff-afl:
1800,12.83,0.56,16
time delta>0:
4.20 (+/- 0.96)
delta>0Times=[5, 5, 4, 9, 1, 1, 3, 7, 1, 3, 1, 3, 3, 7, 8, 3, 3, 2, 3, 6, 4, 2, 9, 3, 3, 6, 1, 2, 7, 11]
delta>0_src=['afl', 'afl', 'afl', 'afl', 'afl', 'afl', 'afl', 'afl', 'afl', 'afl', 'afl', 'afl', 'afl', 'afl', 'afl', 'afl', 'afl', 'afl', 'afl', 'afl', 'afl', 'afl', 'afl', 'afl', 'afl', 'afl', 'afl', 'afl', 'afl', 'afl']
deltas=[13, 13, 16, 13, 15, 10, 12, 11, 14, 14, 11, 13, 11, 16, 13, 13, 12, 13, 13, 11, 14, 13, 14, 11, 11, 13, 13, 14, 15, 10]

hydiff-spf:
1800,4.73,1.28,17
time delta>0:
57.27 (+/- 8.71)
delta>0Times=[70, 72, 11, 72, 74, 70, 12, 69, 69, 20, 71, 11, 71, 70, 70, 13, 71, 73, 12, 71, 14, 72, 69, 70, 72, 70, 71, 69, 69, 70]
delta>0_src=['spf', 'spf', 'spf', 'spf', 'spf', 'spf', 'spf', 'spf', 'spf', 'spf', 'spf', 'spf', 'spf', 'spf', 'spf', 'spf', 'spf', 'spf', 'spf', 'spf', 'spf', 'spf', 'spf', 'spf', 'spf', 'spf', 'spf', 'spf', 'spf', 'spf']
deltas=[2, 17, 6, 8, 3, 6, 11, 2, 2, 3, 2, 11, 3, 2, 4, 5, 2, 3, 4, 3, 4, 3, 9, 2, 3, 7, 2, 9, 2, 2]
deltas(30s)=[1, 1, 6, 1, 1, 1, 1, 1, 1, 1, 1, 7, 1, 1, 1, 3, 1, 1, 2, 1, 2, 1, 1, 1, 1, 1, 2, 1, 1, 1]


best

delta:
data1: mean=12.83 error=+/-0.56
data2 mean=4.73 error=+/-1.28
merged_data mean=12.97 error=+/-0.62 best=17
[13, 17, 16, 13, 15, 10, 12, 11, 14, 14, 11, 13, 11, 16, 13, 13, 12, 13, 13, 11, 14, 13, 14, 11, 11, 13, 13, 14, 15, 10]

time:
data1: mean=4.20 error=+/-0.96
data2 mean=57.27 error=+/-8.71
merged_data mean=4.20 error=+/-0.96 best=1
[5, 5, 4, 9, 1, 1, 3, 7, 1, 3, 1, 3, 3, 7, 8, 3, 3, 2, 3, 6, 4, 2, 9, 3, 3, 6, 1, 2, 7, 11]


--------------
math_10

hydiff-afl:
600,45.37,6.22,31.97,1.42
time +odiff>0:
44.47 (+/- 5.41) min=5
+odiff_times=[50, 50, 5, 49, 59, 48, 52, 53, 47, 6, 48, 52, 53, 48, 8, 48, 52, 52, 51, 49, 50, 49, 52, 49, 56, 7, 46, 48, 48, 49]
+odiff_src=['spf', 'spf', 'spf', 'spf', 'spf', 'spf', 'spf', 'spf', 'spf', 'spf', 'spf', 'spf', 'spf', 'spf', 'spf', 'spf', 'spf', 'spf', 'spf', 'spf', 'spf', 'spf', 'spf', 'spf', 'spf', 'spf', 'spf', 'spf', 'spf', 'spf']
#odiffs=[32, 25, 63, 52, 74, 58, 29, 20, 61, 32, 49, 44, 37, 63, 76, 41, 45, 49, 46, 36, 26, 94, 46, 50, 30, 28, 30, 33, 64, 28]
#ddiffs=[34, 37, 27, 34, 35, 29, 31, 27, 34, 27, 34, 33, 41, 34, 32, 26, 23, 32, 29, 35, 25, 30, 32, 35, 35, 31, 33, 37, 36, 31]

hydiff-spf:
600,6.93,0.09,9.93,0.09
time +odiff>0:
3.87 (+/- 0.20) min=3
+odiff_times=[4, 4, 3, 3, 4, 4, 4, 4, 3, 4, 4, 4, 4, 5, 5, 4, 3, 4, 4, 4, 4, 4, 4, 4, 5, 4, 4, 3, 3, 3]
+odiff_src=['spf', 'spf', 'spf', 'spf', 'spf', 'spf', 'spf', 'spf', 'spf', 'spf', 'spf', 'spf', 'spf', 'spf', 'spf', 'spf', 'spf', 'spf', 'spf', 'spf', 'spf', 'spf', 'spf', 'spf', 'spf', 'spf', 'spf', 'spf', 'spf', 'spf']
#odiffs=[7, 7, 7, 7, 7, 7, 7, 7, 7, 6, 7, 7, 7, 7, 7, 7, 7, 7, 7, 7, 7, 7, 7, 7, 7, 6, 7, 7, 7, 7]
#ddiffs=[10, 10, 10, 10, 10, 10, 10, 10, 10, 9, 10, 10, 10, 10, 10, 10, 10, 10, 10, 10, 10, 10, 10, 10, 10, 9, 10, 10, 10, 10]

hydiff-merged:
600,44.33,5.47,32.00,1.39
We do not report times because we make so sense here!
#odiffs=[32, 25, 63, 52, 71, 58, 29, 20, 61, 32, 49, 44, 37, 63, 71, 41, 47, 50, 46, 36, 26, 78, 46, 50, 30, 28, 30, 33, 54, 28]
#ddiffs=[34, 37, 27, 34, 35, 29, 31, 27, 34, 27, 34, 33, 41, 34, 32, 26, 24, 32, 29, 35, 25, 30, 32, 35, 35, 31, 33, 37, 36, 31]

best time:
data1: mean=44.47 error=+/-5.41
data2 mean=3.87 error=+/-0.20
merged_data mean=3.87 error=+/-0.20 best=3
[4, 4, 3, 3, 4, 4, 4, 4, 3, 4, 4, 4, 4, 5, 5, 4, 3, 4, 4, 4, 4, 4, 4, 4, 5, 4, 4, 3, 3, 3]


--------------
math_46

hydiff-afl:
600,1.00,0.00,38.17,0.82
time +odiff>0:
130.13 (+/- 11.91) min=49
+odiff_times=[99, 128, 193, 52, 130, 131, 128, 129, 130, 131, 137, 129, 130, 159, 161, 130, 132, 213, 130, 141, 114, 49, 131, 130, 133, 129, 179, 66, 131, 129]
+odiff_src=['afl', 'spf', 'afl', 'afl', 'spf', 'spf', 'spf', 'spf', 'spf', 'spf', 'spf', 'spf', 'spf', 'afl', 'afl', 'spf', 'spf', 'afl', 'spf', 'spf', 'afl', 'afl', 'spf', 'spf', 'afl', 'spf', 'afl', 'afl', 'spf', 'spf']
#odiffs=[1, 1, 1, 1, 1, 1, 1, 1, 1, 1, 1, 1, 1, 1, 1, 1, 1, 1, 1, 1, 1, 1, 1, 1, 1, 1, 1, 1, 1, 1]
#ddiffs=[39, 39, 39, 39, 44, 37, 41, 38, 40, 40, 35, 35, 34, 34, 36, 36, 42, 40, 37, 37, 39, 36, 39, 38, 36, 38, 39, 38, 41, 39]

hydiff-spf:
600,1.00,0.00,3.00,0.00
time +odiff>0:
131.10 (+/- 1.04) min=127
+odiff_times=[130, 128, 129, 132, 130, 131, 128, 129, 130, 131, 137, 129, 130, 130, 131, 130, 132, 137, 130, 141, 132, 127, 131, 130, 132, 129, 135, 132, 131, 129]
+odiff_src=['spf', 'spf', 'spf', 'spf', 'spf', 'spf', 'spf', 'spf', 'spf', 'spf', 'spf', 'spf', 'spf', 'spf', 'spf', 'spf', 'spf', 'spf', 'spf', 'spf', 'spf', 'spf', 'spf', 'spf', 'spf', 'spf', 'spf', 'spf', 'spf', 'spf']
#odiffs=[1, 1, 1, 1, 1, 1, 1, 1, 1, 1, 1, 1, 1, 1, 1, 1, 1, 1, 1, 1, 1, 1, 1, 1, 1, 1, 1, 1, 1, 1]
#ddiffs=[3, 3, 3, 3, 3, 3, 3, 3, 3, 3, 3, 3, 3, 3, 3, 3, 3, 3, 3, 3, 3, 3, 3, 3, 3, 3, 3, 3, 3, 3]

hydiff-merged:
600,1.00,0.00,38.17,0.82
We do not report times because we make so sense here!
#odiffs=[1, 1, 1, 1, 1, 1, 1, 1, 1, 1, 1, 1, 1, 1, 1, 1, 1, 1, 1, 1, 1, 1, 1, 1, 1, 1, 1, 1, 1, 1]
#ddiffs=[39, 39, 39, 39, 44, 37, 41, 38, 40, 40, 35, 35, 34, 34, 36, 36, 42, 40, 37, 37, 39, 36, 39, 38, 36, 38, 39, 38, 41, 39]

best time:
data1: mean=130.13 error=+/-11.91
data2 mean=131.10 error=+/-1.04
merged_data mean=122.00 error=+/-8.34 best=49
[99, 128, 129, 52, 130, 131, 128, 129, 130, 131, 137, 129, 130, 130, 131, 130, 132, 137, 130, 141, 114, 49, 131, 130, 132, 129, 135, 66, 131, 129]


--------------
math_60

hydiff-afl:
600,232.90,5.60,94.13,2.65
time +odiff>0:
7.60 (+/- 0.74) min=5
+odiff_times=[6, 7, 7, 9, 9, 7, 5, 6, 9, 11, 6, 12, 7, 8, 12, 11, 5, 7, 9, 6, 7, 5, 9, 5, 7, 10, 6, 5, 7, 8]
+odiff_src=['afl', 'afl', 'afl', 'afl', 'afl', 'afl', 'afl', 'afl', 'afl', 'afl', 'afl', 'afl', 'afl', 'afl', 'afl', 'afl', 'afl', 'afl', 'afl', 'afl', 'afl', 'afl', 'afl', 'afl', 'afl', 'afl', 'afl', 'afl', 'afl', 'afl']
#odiffs=[234, 241, 228, 230, 210, 220, 240, 258, 241, 232, 228, 248, 230, 245, 245, 227, 266, 218, 233, 228, 185, 212, 216, 240, 249, 231, 224, 253, 240, 235]
#ddiffs=[99, 104, 103, 91, 87, 90, 103, 89, 80, 91, 93, 87, 88, 78, 87, 92, 94, 102, 96, 88, 102, 91, 93, 90, 104, 96, 100, 93, 109, 104]

hydiff-spf:
600,2.00,0.00,3.00,0.00
time +odiff>0:
4.77 (+/- 0.15) min=4
+odiff_times=[4, 5, 5, 5, 5, 5, 4, 4, 4, 4, 5, 5, 5, 5, 5, 5, 5, 5, 5, 5, 5, 5, 4, 5, 5, 4, 5, 5, 5, 5]
+odiff_src=['spf', 'spf', 'spf', 'spf', 'spf', 'spf', 'spf', 'spf', 'spf', 'spf', 'spf', 'spf', 'spf', 'spf', 'spf', 'spf', 'spf', 'spf', 'spf', 'spf', 'spf', 'spf', 'spf', 'spf', 'spf', 'spf', 'spf', 'spf', 'spf', 'spf']
#odiffs=[2, 2, 2, 2, 2, 2, 2, 2, 2, 2, 2, 2, 2, 2, 2, 2, 2, 2, 2, 2, 2, 2, 2, 2, 2, 2, 2, 2, 2, 2]
#ddiffs=[3, 3, 3, 3, 3, 3, 3, 3, 3, 3, 3, 3, 3, 3, 3, 3, 3, 3, 3, 3, 3, 3, 3, 3, 3, 3, 3, 3, 3, 3]

hydiff-merged:
600,234.23,5.63,94.20,2.67
We do not report times because we make so sense here!
#odiffs=[236, 242, 230, 232, 211, 221, 242, 260, 242, 234, 230, 250, 231, 246, 246, 228, 267, 219, 234, 229, 186, 213, 217, 241, 250, 232, 226, 255, 241, 236]
#ddiffs=[99, 104, 103, 92, 87, 90, 103, 89, 80, 91, 93, 87, 88, 78, 87, 92, 94, 102, 96, 88, 102, 91, 93, 90, 104, 96, 100, 93, 110, 104]


best time:
data1: mean=7.60 error=+/-0.74
data2 mean=4.77 error=+/-0.15
merged_data mean=4.77 error=+/-0.15 best=4
[4, 5, 5, 5, 5, 5, 4, 4, 4, 4, 5, 5, 5, 5, 5, 5, 5, 5, 5, 5, 5, 5, 4, 5, 5, 4, 5, 5, 5, 5]


--------------
time_1

hydiff-afl:
600,152.33,8.89,195.27,4.30
time +odiff>0:
3.93 (+/- 0.78) min=1
+odiff_times=[5, 3, 2, 7, 2, 8, 2, 2, 4, 2, 3, 2, 7, 6, 2, 8, 3, 2, 9, 4, 6, 4, 2, 4, 1, 6, 4, 2, 4, 2]
+odiff_src=['afl', 'afl', 'afl', 'afl', 'afl', 'afl', 'afl', 'afl', 'afl', 'afl', 'afl', 'afl', 'afl', 'afl', 'afl', 'afl', 'afl', 'afl', 'afl', 'afl', 'afl', 'afl', 'afl', 'afl', 'afl', 'afl', 'afl', 'afl', 'afl', 'afl']
#odiffs=[195, 162, 135, 162, 203, 130, 144, 126, 174, 128, 146, 130, 162, 142, 187, 129, 158, 156, 159, 115, 125, 188, 138, 202, 124, 136, 143, 175, 126, 170]
#ddiffs=[181, 206, 195, 205, 211, 187, 188, 177, 188, 183, 191, 200, 208, 197, 199, 190, 202, 195, 172, 167, 196, 205, 197, 208, 189, 205, 188, 204, 200, 224]

hydiff-spf:
600,49.60,9.87,47.13,4.63
time +odiff>0:
6.83 (+/- 0.19) min=6
+odiff_times=[7, 6, 8, 7, 7, 7, 7, 7, 6, 7, 7, 6, 7, 7, 6, 7, 6, 7, 7, 7, 7, 7, 6, 7, 7, 7, 7, 6, 7, 8]
+odiff_src=['spf', 'spf', 'spf', 'spf', 'spf', 'spf', 'spf', 'spf', 'spf', 'spf', 'spf', 'spf', 'spf', 'spf', 'spf', 'spf', 'spf', 'spf', 'spf', 'spf', 'spf', 'spf', 'spf', 'spf', 'spf', 'spf', 'spf', 'spf', 'spf', 'spf']
#odiffs=[24, 41, 38, 52, 25, 60, 46, 114, 80, 58, 24, 43, 96, 45, 21, 20, 52, 41, 52, 2, 60, 23, 79, 108, 73, 24, 52, 20, 88, 27]
#ddiffs=[35, 48, 38, 55, 45, 52, 40, 53, 62, 49, 36, 42, 58, 42, 31, 37, 50, 51, 66, 4, 51, 38, 66, 65, 62, 39, 51, 37, 65, 46]

hydiff-merged:
600,188.80,10.99,224.83,5.42
We do not report times because we make so sense here!
#odiffs=[208, 197, 165, 195, 217, 180, 172, 226, 241, 176, 160, 163, 246, 169, 197, 139, 197, 186, 198, 116, 170, 199, 204, 266, 181, 146, 181, 185, 196, 188]
#ddiffs=[201, 232, 220, 244, 237, 222, 215, 209, 226, 220, 213, 229, 242, 226, 218, 212, 235, 229, 213, 169, 228, 230, 242, 235, 232, 229, 222, 226, 242, 247]

best time:
data1: mean=3.93 error=+/-0.78
data2 mean=6.83 error=+/-0.19
merged_data mean=3.80 error=+/-0.69 best=1
[5, 3, 2, 7, 2, 7, 2, 2, 4, 2, 3, 2, 7, 6, 2, 7, 3, 2, 7, 4, 6, 4, 2, 4, 1, 6, 4, 2, 4, 2]


--------------
commons-cli_v4-5_noformat

hydiff-afl:
600,0.13,0.12,234.83,5.75
time +odiff>0:
551.97 (+/- 45.65) min=125
+odiff_times=[600, 600, 600, 600, 600, 600, 267, 600, 600, 125, 600, 600, 600, 600, 600, 385, 600, 600, 600, 600, 600, 600, 600, 600, 600, 600, 600, 182, 600, 600]
+odiff_src=['afl', 'afl', 'afl', 'afl']
#odiffs=[0, 0, 0, 0, 0, 0, 1, 0, 0, 1, 0, 0, 0, 0, 0, 1, 0, 0, 0, 0, 0, 0, 0, 0, 0, 0, 0, 1, 0, 0]
#ddiffs=[221, 253, 249, 255, 241, 274, 231, 238, 222, 214, 237, 258, 222, 214, 196, 239, 223, 251, 235, 223, 230, 234, 235, 259, 219, 230, 233, 250, 234, 225]

hydiff-spf:
600,0.00,0.00,0.03,0.06

time +odiff>0:
600.00 (+/- 0.00) min=600
+odiff_times=[600, 600, 600, 600, 600, 600, 600, 600, 600, 600, 600, 600, 600, 600, 600, 600, 600, 600, 600, 600, 600, 600, 600, 600, 600, 600, 600, 600, 600, 600]
+odiff_src=[]
#odiffs=[0, 0, 0, 0, 0, 0, 0, 0, 0, 0, 0, 0, 0, 0, 0, 0, 0, 0, 0, 0, 0, 0, 0, 0, 0, 0, 0, 0, 0, 0]
#ddiffs=[0, 0, 0, 0, 0, 0, 0, 0, 0, 0, 0, 0, 0, 0, 1, 0, 0, 0, 0, 0, 0, 0, 0, 0, 0, 0, 0, 0, 0, 0]

hydiff-merged:
600,0.13,0.12,235.17,5.73
We do not report times because we make so sense here!
#odiffs=[0, 0, 0, 0, 0, 0, 1, 0, 0, 1, 0, 0, 0, 0, 0, 1, 0, 0, 0, 0, 0, 0, 0, 0, 0, 0, 0, 1, 0, 0]
#ddiffs=[221, 253, 250, 255, 242, 274, 231, 238, 222, 214, 237, 258, 223, 215, 196, 239, 224, 251, 235, 223, 230, 235, 235, 260, 220, 231, 234, 250, 234, 225]

best time:
-> hydiff-afl

--------------
commons-cli_v5-6_noformat

hydiff-afl:
600,177.67,4.37,212.00,6.30

time +odiff>0:
6.17 (+/- 1.31) min=2
+odiff_times=[2, 4, 7, 3, 7, 10, 7, 13, 3, 4, 3, 7, 2, 2, 3, 2, 6, 12, 4, 13, 10, 11, 12, 2, 6, 4, 3, 4, 9, 10]
+odiff_src=['afl', 'afl', 'afl', 'afl', 'afl', 'afl', 'afl', 'afl', 'afl', 'afl', 'afl', 'afl', 'afl', 'afl', 'afl', 'afl', 'afl', 'afl', 'afl', 'afl', 'afl', 'afl', 'afl', 'afl', 'afl', 'afl', 'afl', 'afl', 'afl', 'afl']
#odiffs=[174, 179, 171, 188, 210, 182, 176, 189, 172, 170, 172, 165, 182, 180, 176, 181, 184, 183, 178, 183, 181, 174, 156, 208, 159, 173, 183, 185, 153, 163]
#ddiffs=[186, 194, 213, 203, 237, 197, 203, 232, 219, 220, 237, 233, 216, 215, 218, 209, 206, 226, 182, 236, 205, 201, 211, 208, 259, 218, 206, 192, 190, 188]

hydiff-spf:
600,0.00,0.00,5.00,0.00
time +odiff>0:
600.00 (+/- 0.00) min=600
+odiff_times=[600, 600, 600, 600, 600, 600, 600, 600, 600, 600, 600, 600, 600, 600, 600, 600, 600, 600, 600, 600, 600, 600, 600, 600, 600, 600, 600, 600, 600, 600]
+odiff_src=[]
#odiffs=[0, 0, 0, 0, 0, 0, 0, 0, 0, 0, 0, 0, 0, 0, 0, 0, 0, 0, 0, 0, 0, 0, 0, 0, 0, 0, 0, 0, 0, 0]
#ddiffs=[5, 5, 5, 5, 5, 5, 5, 5, 5, 5, 5, 5, 5, 5, 5, 5, 5, 5, 5, 5, 5, 5, 5, 5, 5, 5, 5, 5, 5, 5]

hydiff-merged:
600,177.80,4.39,214.47,6.38
We do not report times because we make so sense here!
#odiffs=[175, 179, 171, 188, 211, 182, 176, 189, 172, 170, 172, 166, 182, 180, 176, 182, 184, 183, 178, 183, 181, 174, 156, 208, 159, 173, 183, 185, 153, 163]
#ddiffs=[190, 198, 215, 206, 237, 198, 204, 236, 221, 224, 239, 236, 218, 218, 220, 212, 206, 229, 182, 238, 209, 203, 213, 212, 263, 221, 209, 195, 193, 189]

best time:
-> hydiff-afl

--------------
tcas_v4

hydiff-afl:
600,1.00,0.00,22.53,1.01
time +odiff>0:
43.70 (+/- 14.01) min=3
+odiff_times=[55, 6, 58, 23, 66, 73, 13, 21, 17, 97, 43, 4, 63, 39, 26, 96, 35, 119, 36, 24, 35, 63, 9, 3, 22, 184, 37, 8, 25, 11]
+odiff_src=['afl', 'afl', 'afl', 'afl', 'afl', 'afl', 'afl', 'afl', 'afl', 'afl', 'afl', 'afl', 'afl', 'afl', 'afl', 'afl', 'afl', 'afl', 'afl', 'afl', 'afl', 'afl', 'afl', 'afl', 'afl', 'afl', 'afl', 'afl', 'afl', 'afl']
#odiffs=[1, 1, 1, 1, 1, 1, 1, 1, 1, 1, 1, 1, 1, 1, 1, 1, 1, 1, 1, 1, 1, 1, 1, 1, 1, 1, 1, 1, 1, 1]
#ddiffs=[23, 21, 26, 18, 19, 22, 23, 23, 21, 30, 21, 23, 25, 24, 21, 21, 20, 24, 20, 24, 25, 19, 22, 21, 23, 27, 21, 17, 26, 26]

hydiff-spf:
600,0.00,0.00,3.20,0.14
time +odiff>0:
600.00 (+/- 0.00) min=600
+odiff_times=[600, 600, 600, 600, 600, 600, 600, 600, 600, 600, 600, 600, 600, 600, 600, 600, 600, 600, 600, 600, 600, 600, 600, 600, 600, 600, 600, 600, 600, 600]
+odiff_src=[]
#odiffs=[0, 0, 0, 0, 0, 0, 0, 0, 0, 0, 0, 0, 0, 0, 0, 0, 0, 0, 0, 0, 0, 0, 0, 0, 0, 0, 0, 0, 0, 0]
#ddiffs=[3, 4, 3, 3, 3, 3, 3, 3, 4, 3, 3, 4, 3, 3, 3, 3, 4, 3, 3, 3, 3, 3, 3, 4, 4, 3, 3, 3, 3, 3]

hydiff-merged:
600,1.00,0.00,22.53,1.01
We do not report times because we make so sense here!
#odiffs=[1, 1, 1, 1, 1, 1, 1, 1, 1, 1, 1, 1, 1, 1, 1, 1, 1, 1, 1, 1, 1, 1, 1, 1, 1, 1, 1, 1, 1, 1]
#ddiffs=[23, 21, 26, 18, 19, 22, 23, 23, 21, 30, 21, 23, 25, 24, 21, 21, 20, 24, 20, 24, 25, 19, 22, 21, 23, 27, 21, 17, 26, 26]

best-time:
-> hydiff-afl


--------------
tcas_v10

hydiff-afl:
600,2.00,0.00,21.27,0.84
time +odiff>0:
27.73 (+/- 9.76) min=7
+odiff_times=[12, 7, 75, 7, 7, 8, 7, 52, 53, 92, 8, 65, 9, 54, 7, 84, 7, 72, 7, 40, 7, 7, 8, 8, 38, 29, 9, 8, 8, 37]
+odiff_src=['afl', 'spf', 'afl', 'spf', 'spf', 'spf', 'spf', 'afl', 'afl', 'afl', 'spf', 'afl', 'spf', 'afl', 'spf', 'afl', 'spf', 'afl', 'spf', 'afl', 'spf', 'spf', 'spf', 'spf', 'afl', 'afl', 'spf', 'spf', 'spf', 'afl']
#odiffs=[2, 2, 2, 2, 2, 2, 2, 2, 2, 2, 2, 2, 2, 2, 2, 2, 2, 2, 2, 2, 2, 2, 2, 2, 2, 2, 2, 2, 2, 2]
#ddiffs=[21, 19, 22, 24, 24, 23, 19, 21, 24, 18, 23, 18, 21, 25, 19, 18, 23, 19, 23, 26, 23, 20, 23, 19, 23, 17, 20, 22, 19, 22]

hydiff-spf:
600,2.00,0.00,12.00,0.00
time +odiff>0:
7.63 (+/- 0.22) min=7
+odiff_times=[7, 7, 8, 7, 7, 8, 7, 8, 8, 7, 8, 8, 9, 8, 7, 8, 7, 8, 7, 7, 7, 7, 8, 8, 7, 8, 9, 8, 8, 8]
+odiff_src=['spf', 'spf', 'spf', 'spf', 'spf', 'spf', 'spf', 'spf', 'spf', 'spf', 'spf', 'spf', 'spf', 'spf', 'spf', 'spf', 'spf', 'spf', 'spf', 'spf', 'spf', 'spf', 'spf', 'spf', 'spf', 'spf', 'spf', 'spf', 'spf', 'spf']
#odiffs=[2, 2, 2, 2, 2, 2, 2, 2, 2, 2, 2, 2, 2, 2, 2, 2, 2, 2, 2, 2, 2, 2, 2, 2, 2, 2, 2, 2, 2, 2]
#ddiffs=[12, 12, 12, 12, 12, 12, 12, 12, 12, 12, 12, 12, 12, 12, 12, 12, 12, 12, 12, 12, 12, 12, 12, 12, 12, 12, 12, 12, 12, 12]

hydiff-merged:
600,2.00,0.00,21.30,0.82
We do not report times because we make so sense here!
#odiffs=[2, 2, 2, 2, 2, 2, 2, 2, 2, 2, 2, 2, 2, 2, 2, 2, 2, 2, 2, 2, 2, 2, 2, 2, 2, 2, 2, 2, 2, 2]
#ddiffs=[21, 19, 22, 24, 24, 23, 19, 21, 24, 18, 23, 18, 21, 25, 19, 18, 23, 19, 23, 26, 23, 20, 23, 19, 23, 18, 20, 22, 19, 22]

best-time:
data1: mean=27.73 error=+/-9.76
data2 mean=7.63 error=+/-0.22
merged_data mean=7.63 error=+/-0.22 best=7
[7, 7, 8, 7, 7, 8, 7, 8, 8, 7, 8, 8, 9, 8, 7, 8, 7, 8, 7, 7, 7, 7, 8, 8, 7, 8, 9, 8, 8, 8]


--------------
tcas_v5

hydiff-afl:
600,2.00,0.00,49.80,1.29
time +odiff>0:
97.20 (+/- 32.16) min=1
+odiff_times=[53, 17, 20, 142, 217, 206, 13, 15, 30, 24, 260, 17, 13, 12, 37, 220, 216, 53, 23, 24, 207, 15, 63, 215, 175, 240, 1, 108, 210, 70]
+odiff_src=['afl', 'afl', 'afl', 'afl', 'afl', 'afl', 'afl', 'afl', 'afl', 'afl', 'spf', 'afl', 'afl', 'afl', 'afl', 'afl', 'afl', 'afl', 'afl', 'afl', 'afl', 'afl', 'afl', 'spf', 'afl', 'afl', 'afl', 'afl', 'spf', 'afl']
#odiffs=[2, 2, 2, 2, 2, 2, 2, 2, 2, 2, 2, 2, 2, 2, 2, 2, 2, 2, 2, 2, 2, 2, 2, 2, 2, 2, 2, 2, 2, 2]
#ddiffs=[48, 55, 58, 48, 52, 49, 50, 50, 49, 48, 47, 56, 51, 44, 42, 45, 46, 50, 53, 52, 49, 48, 50, 50, 46, 54, 46, 50, 54, 54]

hydiff-spf:
600,2.00,0.00,22.40,0.42
time +odiff>0:
218.53 (+/- 2.56) min=210
+odiff_times=[227, 217, 239, 214, 211, 222, 213, 212, 215, 222, 215, 216, 224, 216, 233, 217, 216, 230, 221, 214, 212, 226, 228, 215, 213, 216, 211, 211, 210, 220]
+odiff_src=['spf', 'spf', 'spf', 'spf', 'spf', 'spf', 'spf', 'spf', 'spf', 'spf', 'spf', 'spf', 'spf', 'spf', 'spf', 'spf', 'spf', 'spf', 'spf', 'spf', 'spf', 'spf', 'spf', 'spf', 'spf', 'spf', 'spf', 'spf', 'spf', 'spf']
#odiffs=[2, 2, 2, 2, 2, 2, 2, 2, 2, 2, 2, 2, 2, 2, 2, 2, 2, 2, 2, 2, 2, 2, 2, 2, 2, 2, 2, 2, 2, 2]
#ddiffs=[23, 24, 24, 22, 23, 21, 22, 22, 22, 23, 21, 25, 20, 22, 24, 20, 22, 21, 24, 22, 23, 23, 23, 22, 22, 23, 23, 22, 23, 21]

hydiff-merged:
600,2.00,0.00,49.83,1.27
We do not report times because we make so sense here!
#odiffs=[2, 2, 2, 2, 2, 2, 2, 2, 2, 2, 2, 2, 2, 2, 2, 2, 2, 2, 2, 2, 2, 2, 2, 2, 2, 2, 2, 2, 2, 2]
#ddiffs=[48, 55, 58, 48, 52, 49, 50, 50, 49, 48, 47, 56, 51, 44, 43, 45, 46, 50, 53, 52, 49, 48, 50, 50, 46, 54, 46, 50, 54, 54]


best-time:
data1: mean=97.20 error=+/-32.16
data2 mean=218.53 error=+/-2.56
merged_data mean=94.60 error=+/-30.72 best=1
[53, 17, 20, 142, 211, 206, 13, 15, 30, 24, 215, 17, 13, 12, 37, 217, 216, 53, 23, 24, 207, 15, 63, 215, 175, 216, 1, 108, 210, 70]

--------------
tcas_v7

hydiff-afl:
600,2.00,0.00,8.90,0.40

time +odiff>0:
99.30 (+/- 8.02) min=65
+odiff_times=[73, 120, 117, 76, 117, 118, 83, 103, 121, 65, 87, 121, 120, 120, 80, 68, 76, 82, 65, 119, 117, 74, 116, 128, 66, 119, 114, 121, 119, 74]
+odiff_src=['spf', 'spf', 'spf', 'spf', 'spf', 'spf', 'spf', 'spf', 'spf', 'spf', 'spf', 'spf', 'spf', 'spf', 'spf', 'spf', 'spf', 'spf', 'spf', 'spf', 'spf', 'spf', 'spf', 'spf', 'spf', 'spf', 'spf', 'spf', 'spf', 'spf']
#odiffs=[2, 2, 2, 2, 2, 2, 2, 2, 2, 2, 2, 2, 2, 2, 2, 2, 2, 2, 2, 2, 2, 2, 2, 2, 2, 2, 2, 2, 2, 2]
#ddiffs=[7, 8, 8, 8, 9, 8, 9, 11, 10, 11, 8, 11, 10, 8, 10, 10, 10, 9, 9, 8, 7, 9, 8, 9, 9, 8, 8, 8, 10, 9]

hydiff-spf:
600,2.00,0.00,6.00,0.00

time +odiff>0:
71.70 (+/- 1.71) min=62
+odiff_times=[73, 73, 66, 68, 76, 75, 69, 71, 70, 65, 72, 71, 75, 66, 77, 68, 74, 78, 62, 75, 82, 69, 75, 69, 66, 68, 70, 71, 83, 74]
+odiff_src=['spf', 'spf', 'spf', 'spf', 'spf', 'spf', 'spf', 'spf', 'spf', 'spf', 'spf', 'spf', 'spf', 'spf', 'spf', 'spf', 'spf', 'spf', 'spf', 'spf', 'spf', 'spf', 'spf', 'spf', 'spf', 'spf', 'spf', 'spf', 'spf', 'spf']
#odiffs=[2, 2, 2, 2, 2, 2, 2, 2, 2, 2, 2, 2, 2, 2, 2, 2, 2, 2, 2, 2, 2, 2, 2, 2, 2, 2, 2, 2, 2, 2]
#ddiffs=[6, 6, 6, 6, 6, 6, 6, 6, 6, 6, 6, 6, 6, 6, 6, 6, 6, 6, 6, 6, 6, 6, 6, 6, 6, 6, 6, 6, 6, 6]

hydiff-merged:
600,2.00,0.00,8.93,0.39

We do not report times because we make so sense here!
#odiffs=[2, 2, 2, 2, 2, 2, 2, 2, 2, 2, 2, 2, 2, 2, 2, 2, 2, 2, 2, 2, 2, 2, 2, 2, 2, 2, 2, 2, 2, 2]
#ddiffs=[7, 8, 8, 9, 9, 8, 9, 11, 10, 11, 8, 11, 10, 8, 10, 10, 10, 9, 9, 8, 7, 9, 8, 9, 9, 8, 8, 8, 10, 9]

time-best:
data1: mean=99.30 error=+/-8.02
data2 mean=71.70 error=+/-1.71
merged_data mean=71.70 error=+/-1.71 best=62
[73, 73, 66, 68, 76, 75, 69, 71, 70, 65, 72, 71, 75, 66, 77, 68, 74, 78, 62, 75, 82, 69, 75, 69, 66, 68, 70, 71, 83, 74]

--------------
tcas_v9

hydiff-afl:
600,1.00,0.00,22.37,0.89
time +odiff>0:
193.33 (+/- 20.63) min=39
+odiff_times=[189, 212, 230, 185, 39, 132, 219, 218, 263, 240, 91, 243, 218, 210, 207, 199, 56, 230, 210, 181, 236, 220, 246, 98, 224, 247, 170, 258, 127, 202]
+odiff_src=['afl', 'afl', 'afl', 'afl', 'afl', 'afl', 'spf', 'afl', 'spf', 'afl', 'afl', 'afl', 'afl', 'afl', 'afl', 'afl', 'afl', 'afl', 'afl', 'afl', 'afl', 'afl', 'afl', 'afl', 'afl', 'afl', 'afl', 'afl', 'afl', 'afl']
#odiffs=[1, 1, 1, 1, 1, 1, 1, 1, 1, 1, 1, 1, 1, 1, 1, 1, 1, 1, 1, 1, 1, 1, 1, 1, 1, 1, 1, 1, 1, 1]
#ddiffs=[21, 22, 19, 25, 21, 25, 22, 26, 22, 20, 21, 19, 25, 21, 21, 28, 21, 22, 26, 22, 22, 20, 26, 25, 21, 19, 21, 19, 23, 26]

hydiff-spf:
600,1.00,0.00,15.00,0.00
time +odiff>0:
219.90 (+/- 1.54) min=214
+odiff_times=[232, 217, 223, 223, 216, 228, 215, 219, 223, 219, 225, 223, 223, 215, 214, 221, 221, 215, 220, 217, 215, 221, 218, 225, 218, 218, 215, 215, 219, 224]
+odiff_src=['spf', 'spf', 'spf', 'spf', 'spf', 'spf', 'spf', 'spf', 'spf', 'spf', 'spf', 'spf', 'spf', 'spf', 'spf', 'spf', 'spf', 'spf', 'spf', 'spf', 'spf', 'spf', 'spf', 'spf', 'spf', 'spf', 'spf', 'spf', 'spf', 'spf']
#odiffs=[1, 1, 1, 1, 1, 1, 1, 1, 1, 1, 1, 1, 1, 1, 1, 1, 1, 1, 1, 1, 1, 1, 1, 1, 1, 1, 1, 1, 1, 1]
#ddiffs=[15, 15, 15, 15, 15, 15, 15, 15, 15, 15, 15, 15, 15, 15, 15, 15, 15, 15, 15, 15, 15, 15, 15, 15, 15, 15, 15, 15, 15, 15]

hydiff-merged:
600,1.00,0.00,22.37,0.89
We do not report times because we make so sense here!
#odiffs=[1, 1, 1, 1, 1, 1, 1, 1, 1, 1, 1, 1, 1, 1, 1, 1, 1, 1, 1, 1, 1, 1, 1, 1, 1, 1, 1, 1, 1, 1]
#ddiffs=[21, 22, 19, 25, 21, 25, 22, 26, 22, 20, 21, 19, 25, 21, 21, 28, 21, 22, 26, 22, 22, 20, 26, 25, 21, 19, 21, 19, 23, 26]

time-best:
data1: mean=193.33 error=+/-20.63
data2 mean=219.90 error=+/-1.54
merged_data mean=185.53 error=+/-18.42 best=39
[189, 212, 223, 185, 39, 132, 215, 218, 223, 219, 91, 223, 218, 210, 207, 199, 56, 215, 210, 181, 215, 220, 218, 98, 218, 218, 170, 215, 127, 202]

--------------
commons-cli_v1-2_noformat

hydiff-afl:
600,0.00,0.00,169.10,4.07
time +odiff>0:
600.00 (+/- 0.00) min=600
+odiff_times=[600, 600, 600, 600, 600, 600, 600, 600, 600, 600, 600, 600, 600, 600, 600, 600, 600, 600, 600, 600, 600, 600, 600, 600, 600, 600, 600, 600, 600, 600]
+odiff_src=[]
#odiffs=[0, 0, 0, 0, 0, 0, 0, 0, 0, 0, 0, 0, 0, 0, 0, 0, 0, 0, 0, 0, 0, 0, 0, 0, 0, 0, 0, 0, 0, 0]
#ddiffs=[169, 156, 162, 181, 162, 178, 185, 158, 188, 166, 161, 170, 165, 165, 178, 167, 174, 175, 150, 158, 157, 164, 163, 188, 155, 188, 193, 166, 156, 175]

hydiff-spf:
600,0.00,0.00,1.10,0.11

time +odiff>0:
600.00 (+/- 0.00) min=600
+odiff_times=[600, 600, 600, 600, 600, 600, 600, 600, 600, 600, 600, 600, 600, 600, 600, 600, 600, 600, 600, 600, 600, 600, 600, 600, 600, 600, 600, 600, 600, 600]
+odiff_src=[]
#odiffs=[0, 0, 0, 0, 0, 0, 0, 0, 0, 0, 0, 0, 0, 0, 0, 0, 0, 0, 0, 0, 0, 0, 0, 0, 0, 0, 0, 0, 0, 0]
#ddiffs=[1, 1, 1, 1, 1, 1, 1, 1, 1, 2, 1, 1, 1, 1, 1, 1, 1, 1, 2, 1, 1, 1, 1, 1, 1, 1, 1, 1, 1, 2]

hydiff-merged:
600,0.00,0.00,169.40,4.07

We do not report times because we make so sense here!
#odiffs=[0, 0, 0, 0, 0, 0, 0, 0, 0, 0, 0, 0, 0, 0, 0, 0, 0, 0, 0, 0, 0, 0, 0, 0, 0, 0, 0, 0, 0, 0]
#ddiffs=[169, 156, 163, 181, 162, 178, 186, 158, 188, 166, 161, 171, 165, 165, 178, 167, 174, 176, 150, 158, 158, 165, 164, 188, 155, 189, 193, 166, 157, 175]

time-best:
-> never

--------------
commons-cli_v2-3_noformat

hydiff-afl:
600,84.50,4.26,220.97,5.72
time +odiff>0:
13.27 (+/- 3.62) min=2
+odiff_times=[3, 9, 16, 3, 6, 11, 41, 12, 4, 7, 28, 5, 11, 4, 8, 20, 18, 10, 15, 30, 35, 19, 7, 17, 4, 2, 15, 2, 9, 27]
+odiff_src=['afl', 'afl', 'afl', 'afl', 'afl', 'afl', 'afl', 'afl', 'afl', 'afl', 'afl', 'afl', 'afl', 'afl', 'afl', 'afl', 'afl', 'afl', 'afl', 'afl', 'afl', 'afl', 'afl', 'afl', 'afl', 'afl', 'afl', 'afl', 'afl', 'afl']
#odiffs=[83, 73, 84, 71, 115, 84, 84, 74, 72, 84, 95, 98, 83, 92, 85, 72, 77, 66, 82, 99, 88, 80, 85, 119, 86, 69, 87, 87, 73, 88]
#ddiffs=[196, 221, 216, 235, 211, 204, 223, 222, 236, 220, 229, 200, 247, 245, 231, 213, 222, 215, 228, 216, 234, 255, 229, 197, 196, 227, 224, 237, 214, 186]

hydiff-spf:
600,0.00,0.00,106.60,2.47
time +odiff>0:
600.00 (+/- 0.00) min=600
+odiff_times=[600, 600, 600, 600, 600, 600, 600, 600, 600, 600, 600, 600, 600, 600, 600, 600, 600, 600, 600, 600, 600, 600, 600, 600, 600, 600, 600, 600, 600, 600]
+odiff_src=[]
#odiffs=[0, 0, 0, 0, 0, 0, 0, 0, 0, 0, 0, 0, 0, 0, 0, 0, 0, 0, 0, 0, 0, 0, 0, 0, 0, 0, 0, 0, 0, 0]
#ddiffs=[107, 106, 116, 109, 112, 108, 113, 109, 97, 111, 106, 98, 105, 100, 110, 91, 105, 122, 105, 116, 106, 108, 94, 99, 108, 114, 112, 96, 104, 111]

hydiff-merged:
600,84.63,4.24,242.70,3.80
We do not report times because we make so sense here!
#odiffs=[83, 73, 84, 71, 115, 84, 84, 75, 72, 84, 95, 98, 83, 92, 85, 72, 77, 66, 82, 99, 88, 81, 85, 119, 86, 69, 88, 87, 74, 88]
#ddiffs=[253, 249, 246, 245, 255, 257, 245, 231, 246, 232, 238, 241, 252, 248, 240, 223, 231, 230, 235, 252, 245, 270, 237, 241, 237, 254, 241, 239, 218, 250]

time-best:
-> hydiff-afl


--------------
commons-cli_v3-4_noformat

hydiff-afl:
600,109.40,4.63,311.60,5.94
time +odiff>0:
9.17 (+/- 2.40) min=2
+odiff_times=[13, 16, 20, 12, 10, 5, 3, 7, 16, 5, 3, 4, 2, 12, 12, 5, 2, 4, 16, 6, 8, 6, 6, 13, 33, 10, 2, 16, 5, 3]
+odiff_src=['afl', 'afl', 'afl', 'afl', 'afl', 'afl', 'afl', 'afl', 'afl', 'afl', 'afl', 'afl', 'afl', 'afl', 'afl', 'afl', 'afl', 'afl', 'afl', 'afl', 'afl', 'afl', 'afl', 'afl', 'afl', 'afl', 'afl', 'afl', 'afl', 'afl']
#odiffs=[135, 100, 92, 113, 108, 114, 108, 133, 90, 103, 96, 116, 97, 99, 92, 107, 113, 132, 101, 86, 110, 123, 118, 96, 116, 127, 106, 123, 113, 115]
#ddiffs=[319, 304, 273, 328, 324, 309, 303, 313, 313, 304, 315, 307, 303, 312, 283, 293, 333, 310, 316, 294, 319, 326, 290, 343, 320, 354, 315, 319, 292, 314]

hydiff-spf:
600,4.03,0.24,223.33,5.19
time +odiff>0:
71.40 (+/- 14.66) min=13
+odiff_times=[21, 58, 144, 73, 49, 43, 30, 29, 32, 51, 86, 149, 57, 107, 100, 33, 93, 13, 110, 92, 73, 74, 185, 79, 26, 52, 50, 35, 76, 122]
+odiff_src=['spf', 'spf', 'spf', 'spf', 'spf', 'spf', 'spf', 'spf', 'spf', 'spf', 'spf', 'spf', 'spf', 'spf', 'spf', 'spf', 'spf', 'spf', 'spf', 'spf', 'spf', 'spf', 'spf', 'spf', 'spf', 'spf', 'spf', 'spf', 'spf', 'spf']
#odiffs=[5, 3, 3, 4, 4, 4, 4, 4, 4, 4, 4, 3, 3, 4, 4, 4, 4, 5, 3, 5, 5, 5, 4, 3, 4, 4, 4, 5, 4, 5]
#ddiffs=[234, 212, 194, 235, 232, 211, 210, 222, 223, 231, 227, 225, 213, 229, 202, 211, 240, 213, 236, 213, 227, 249, 207, 251, 226, 245, 231, 221, 195, 235]

hydiff-merged:
600,112.97,4.68,433.40,3.42
We do not report times because we make so sense here!
#odiffs=[139, 104, 96, 115, 112, 117, 112, 135, 94, 108, 99, 119, 100, 103, 94, 110, 116, 136, 103, 90, 116, 126, 123, 98, 121, 131, 109, 127, 118, 118]
#ddiffs=[416, 444, 408, 444, 433, 428, 433, 430, 448, 434, 440, 429, 450, 444, 436, 433, 435, 418, 446, 441, 431, 437, 428, 441, 429, 424, 434, 424, 425, 439]

best-time:
data1: mean=9.17 error=+/-2.40
data2 mean=71.40 error=+/-14.66
merged_data mean=8.93 error=+/-2.13 best=2
[13, 16, 20, 12, 10, 5, 3, 7, 16, 5, 3, 4, 2, 12, 12, 5, 2, 4, 16, 6, 8, 6, 6, 13, 26, 10, 2, 16, 5, 3]


--------------
example

hydiff-afl:
600,35.17,1.12,2.00,0.00
time +odiff>0:
5.03 (+/- 0.93) min=1
+odiff_times=[3, 1, 5, 3, 7, 3, 6, 10, 2, 8, 3, 7, 6, 6, 4, 5, 6, 2, 3, 11, 10, 3, 4, 2, 7, 2, 7, 5, 7, 3]
+odiff_src=['afl', 'afl', 'afl', 'afl', 'afl', 'afl', 'afl', 'afl->spf', 'afl', 'afl', 'afl', 'afl', 'afl', 'afl', 'afl', 'afl', 'afl', 'afl', 'afl', 'afl->spf', 'afl', 'afl', 'afl', 'afl', 'afl', 'afl', 'afl', 'afl', 'afl', 'afl']
#odiffs=[41, 34, 36, 40, 33, 36, 35, 34, 33, 37, 36, 33, 37, 31, 33, 34, 31, 36, 36, 32, 41, 32, 33, 36, 44, 35, 37, 35, 34, 30]
#ddiffs=[2, 2, 2, 2, 2, 2, 2, 2, 2, 2, 2, 2, 2, 2, 2, 2, 2, 2, 2, 2, 2, 2, 2, 2, 2, 2, 2, 2, 2, 2]

hydiff-spf:
600,35.13,1.09,1.00,0.00
time +odiff>0:
10.07 (+/- 0.28) min=9
+odiff_times=[10, 11, 11, 10, 10, 10, 10, 9, 9, 11, 11, 9, 10, 10, 10, 9, 11, 9, 10, 9, 10, 11, 11, 10, 12, 10, 10, 10, 9, 10]
+odiff_src=['spf', 'spf', 'spf', 'spf', 'spf', 'spf', 'spf', 'spf', 'spf', 'spf', 'spf', 'spf', 'spf', 'spf', 'spf', 'spf', 'spf', 'spf', 'spf', 'spf', 'spf', 'spf', 'spf', 'spf', 'spf', 'spf', 'spf', 'spf', 'spf', 'spf']
#odiffs=[41, 34, 36, 40, 33, 36, 35, 34, 33, 37, 36, 33, 37, 31, 33, 34, 31, 36, 36, 32, 41, 32, 33, 36, 43, 35, 37, 35, 34, 30]
#ddiffs=[1, 1, 1, 1, 1, 1, 1, 1, 1, 1, 1, 1, 1, 1, 1, 1, 1, 1, 1, 1, 1, 1, 1, 1, 1, 1, 1, 1, 1, 1]

hydiff-merged:
600,35.17,1.12,2.00,0.00
We do not report times because we make so sense here!
#odiffs=[41, 34, 36, 40, 33, 36, 35, 34, 33, 37, 36, 33, 37, 31, 33, 34, 31, 36, 36, 32, 41, 32, 33, 36, 44, 35, 37, 35, 34, 30]
#ddiffs=[2, 2, 2, 2, 2, 2, 2, 2, 2, 2, 2, 2, 2, 2, 2, 2, 2, 2, 2, 2, 2, 2, 2, 2, 2, 2, 2, 2, 2, 2]

best-time:
data1: mean=5.03 error=+/-0.93
data2 mean=10.07 error=+/-0.28
merged_data mean=4.93 error=+/-0.86 best=1
[3, 1, 5, 3, 7, 3, 6, 9, 2, 8, 3, 7, 6, 6, 4, 5, 6, 2, 3, 9, 10, 3, 4, 2, 7, 2, 7, 5, 7, 3]


--------------
mnist2_1

hydiff-afl:
3600,1.20,0.14,5.27,0.16
time +odiff>0:
607.67 (+/- 5.95) min=529
+odiff_times=[592, 611, 617, 529, 620, 621, 612, 609, 605, 616, 607, 598, 607, 619, 596, 614, 609, 626, 605, 609, 605, 620, 622, 605, 619, 603, 613, 608, 603, 610]
+odiff_src=['spf', 'spf', 'spf', 'spf', 'spf', 'spf', 'spf', 'spf', 'spf', 'spf', 'spf', 'spf', 'spf', 'spf', 'spf', 'spf', 'spf', 'spf', 'spf', 'spf', 'spf', 'spf', 'spf', 'spf', 'spf', 'spf', 'spf', 'spf', 'spf', 'spf']
#odiffs=[2, 1, 2, 1, 1, 1, 1, 1, 1, 1, 1, 1, 1, 1, 1, 2, 1, 1, 1, 1, 1, 1, 1, 1, 1, 1, 1, 2, 2, 2]
#ddiffs=[6, 6, 5, 5, 5, 6, 5, 5, 5, 6, 5, 6, 5, 5, 5, 5, 5, 5, 5, 5, 5, 6, 6, 5, 5, 5, 5, 5, 6, 5]

hydiff-spf:
3600,1.00,0.00,1.00,0.00
time +odiff>0:
297.10 (+/- 2.38) min=267
+odiff_times=[298, 297, 296, 267, 294, 308, 306, 296, 297, 299, 296, 299, 296, 299, 301, 295, 295, 303, 299, 301, 294, 300, 302, 294, 297, 302, 300, 294, 296, 292]
+odiff_src=['spf', 'spf', 'spf', 'spf', 'spf', 'spf', 'spf', 'spf', 'spf', 'spf', 'spf', 'spf', 'spf', 'spf', 'spf', 'spf', 'spf', 'spf', 'spf', 'spf', 'spf', 'spf', 'spf', 'spf', 'spf', 'spf', 'spf', 'spf', 'spf', 'spf']
#odiffs=[1, 1, 1, 1, 1, 1, 1, 1, 1, 1, 1, 1, 1, 1, 1, 1, 1, 1, 1, 1, 1, 1, 1, 1, 1, 1, 1, 1, 1, 1]
#ddiffs=[1, 1, 1, 1, 1, 1, 1, 1, 1, 1, 1, 1, 1, 1, 1, 1, 1, 1, 1, 1, 1, 1, 1, 1, 1, 1, 1, 1, 1, 1]

hydiff-merged:
3600,1.20,0.14,6.10,0.11
We do not report times because we make so sense here!
#odiffs=[2, 1, 2, 1, 1, 1, 1, 1, 1, 1, 1, 1, 1, 1, 1, 2, 1, 1, 1, 1, 1, 1, 1, 1, 1, 1, 1, 2, 2, 2]
#ddiffs=[6, 7, 6, 6, 6, 6, 6, 6, 6, 6, 6, 7, 6, 6, 6, 6, 6, 6, 6, 6, 6, 6, 7, 6, 6, 6, 6, 6, 6, 6]

best-time:
data1: mean=607.67 error=+/-5.95
data2 mean=297.10 error=+/-2.38
merged_data mean=297.10 error=+/-2.38 best=267
[298, 297, 296, 267, 294, 308, 306, 296, 297, 299, 296, 299, 296, 299, 301, 295, 295, 303, 299, 301, 294, 300, 302, 294, 297, 302, 300, 294, 296, 292]


--------------
mnist2_2

hydiff-afl:
3600,1.47,0.18,6.00,0.09
time +odiff>0:
604.17 (+/- 2.84) min=592
+odiff_times=[600, 598, 598, 602, 608, 599, 603, 604, 609, 634, 599, 599, 602, 608, 609, 602, 610, 609, 609, 607, 616, 599, 592, 610, 601, 610, 602, 596, 598, 592]
+odiff_src=['spf', 'spf', 'spf', 'spf', 'spf', 'spf', 'spf', 'spf', 'spf', 'spf', 'spf', 'spf', 'spf', 'spf', 'spf', 'spf', 'spf', 'spf', 'spf', 'spf', 'spf', 'spf', 'spf', 'spf', 'spf', 'spf', 'spf', 'spf', 'spf', 'spf']
#odiffs=[1, 1, 1, 1, 2, 1, 1, 2, 1, 2, 1, 2, 2, 1, 1, 2, 1, 2, 1, 2, 2, 2, 1, 2, 1, 1, 2, 2, 2, 1]
#ddiffs=[6, 6, 6, 6, 6, 6, 6, 6, 6, 6, 6, 6, 6, 6, 6, 6, 6, 6, 6, 7, 6, 6, 5, 6, 6, 6, 6, 6, 6, 6]

hydiff-spf:
3600,1.00,0.00,1.00,0.00
time +odiff>0:
297.93 (+/- 1.29) min=292
+odiff_times=[299, 297, 292, 293, 295, 305, 297, 303, 297, 305, 295, 293, 295, 296, 298, 297, 299, 299, 299, 294, 298, 297, 301, 298, 295, 304, 299, 296, 306, 296]
+odiff_src=['spf', 'spf', 'spf', 'spf', 'spf', 'spf', 'spf', 'spf', 'spf', 'spf', 'spf', 'spf', 'spf', 'spf', 'spf', 'spf', 'spf', 'spf', 'spf', 'spf', 'spf', 'spf', 'spf', 'spf', 'spf', 'spf', 'spf', 'spf', 'spf', 'spf']
#odiffs=[1, 1, 1, 1, 1, 1, 1, 1, 1, 1, 1, 1, 1, 1, 1, 1, 1, 1, 1, 1, 1, 1, 1, 1, 1, 1, 1, 1, 1, 1]
#ddiffs=[1, 1, 1, 1, 1, 1, 1, 1, 1, 1, 1, 1, 1, 1, 1, 1, 1, 1, 1, 1, 1, 1, 1, 1, 1, 1, 1, 1, 1, 1]

hydiff-merged:
3600,1.53,0.20,6.93,0.13
We do not report times because we make so sense here!
#odiffs=[1, 1, 1, 1, 3, 1, 1, 2, 1, 2, 1, 2, 2, 2, 1, 2, 1, 2, 1, 2, 2, 2, 1, 2, 1, 1, 2, 2, 2, 1]
#ddiffs=[6, 7, 7, 7, 7, 7, 7, 7, 7, 7, 7, 7, 7, 7, 7, 7, 7, 7, 7, 8, 7, 7, 6, 7, 7, 7, 7, 6, 7, 7]

best-time:
data1: mean=604.17 error=+/-2.84
data2 mean=297.93 error=+/-1.29
merged_data mean=297.93 error=+/-1.29 best=292
[299, 297, 292, 293, 295, 305, 297, 303, 297, 305, 295, 293, 295, 296, 298, 297, 299, 299, 299, 294, 298, 297, 301, 298, 295, 304, 299, 296, 306, 296]

--------------
mnist2_5

hydiff-afl:
3600,1.77,0.24,6.07,0.16
time +odiff>0:
609.03 (+/- 4.50) min=593
+odiff_times=[610, 638, 629, 599, 604, 599, 598, 601, 593, 597, 606, 599, 618, 616, 619, 597, 601, 597, 617, 637, 604, 617, 607, 609, 638, 609, 608, 599, 599, 606]
+odiff_src=['spf', 'spf', 'spf', 'spf', 'spf', 'spf', 'spf', 'spf', 'spf', 'spf', 'spf', 'spf', 'spf', 'spf', 'spf', 'spf', 'spf', 'spf', 'spf', 'spf', 'spf', 'spf', 'spf', 'spf', 'spf', 'spf', 'spf', 'spf', 'spf', 'spf']
#odiffs=[2, 2, 2, 1, 2, 1, 2, 2, 2, 1, 2, 2, 3, 2, 1, 1, 1, 2, 1, 2, 4, 1, 2, 2, 2, 1, 1, 2, 2, 2]
#ddiffs=[6, 6, 6, 6, 7, 6, 5, 6, 6, 6, 7, 6, 5, 6, 6, 6, 6, 6, 6, 6, 6, 6, 7, 6, 6, 6, 7, 6, 6, 6]

hydiff-spf:
3600,1.00,0.00,1.00,0.00
time +odiff>0:
301.83 (+/- 1.16) min=296
+odiff_times=[302, 303, 303, 300, 301, 302, 301, 300, 298, 298, 301, 302, 304, 302, 303, 301, 301, 297, 303, 311, 300, 302, 302, 304, 312, 304, 301, 299, 296, 302]
+odiff_src=['spf', 'spf', 'spf', 'spf', 'spf', 'spf', 'spf', 'spf', 'spf', 'spf', 'spf', 'spf', 'spf', 'spf', 'spf', 'spf', 'spf', 'spf', 'spf', 'spf', 'spf', 'spf', 'spf', 'spf', 'spf', 'spf', 'spf', 'spf', 'spf', 'spf']
#odiffs=[1, 1, 1, 1, 1, 1, 1, 1, 1, 1, 1, 1, 1, 1, 1, 1, 1, 1, 1, 1, 1, 1, 1, 1, 1, 1, 1, 1, 1, 1]
#ddiffs=[1, 1, 1, 1, 1, 1, 1, 1, 1, 1, 1, 1, 1, 1, 1, 1, 1, 1, 1, 1, 1, 1, 1, 1, 1, 1, 1, 1, 1, 1]

hydiff-merged:
3600,2.03,0.30,6.87,0.18

We do not report times because we make so sense here!
#odiffs=[2, 2, 2, 1, 2, 1, 3, 2, 2, 1, 2, 2, 3, 3, 2, 1, 2, 2, 1, 2, 5, 1, 2, 3, 2, 1, 2, 2, 2, 3]
#ddiffs=[7, 7, 7, 7, 8, 7, 6, 7, 7, 6, 7, 7, 6, 7, 7, 7, 7, 7, 6, 6, 7, 6, 7, 7, 7, 7, 8, 7, 7, 7]

best-time:
data1: mean=609.03 error=+/-4.50
data2 mean=301.83 error=+/-1.16
merged_data mean=301.83 error=+/-1.16 best=296
[302, 303, 303, 300, 301, 302, 301, 300, 298, 298, 301, 302, 304, 302, 303, 301, 301, 297, 303, 311, 300, 302, 302, 304, 312, 304, 301, 299, 296, 302]

--------------
mnist2_10

hydiff-afl:
3600,2.20,0.31,6.00,0.13

time +odiff>0:
664.17 (+/- 12.31) min=622
+odiff_times=[661, 681, 651, 692, 664, 645, 656, 647, 650, 651, 625, 656, 629, 644, 682, 622, 648, 661, 699, 659, 754, 673, 752, 647, 636, 645, 626, 641, 746, 682]
+odiff_src=['spf', 'spf', 'spf', 'spf', 'spf', 'spf', 'spf', 'spf', 'spf', 'spf', 'spf', 'spf', 'spf', 'spf', 'spf', 'spf', 'spf', 'spf', 'spf', 'spf', 'spf', 'spf', 'spf', 'spf', 'spf', 'spf', 'spf', 'spf', 'spf', 'spf']
#odiffs=[3, 1, 4, 2, 1, 3, 2, 1, 3, 4, 2, 2, 3, 3, 2, 2, 2, 3, 2, 3, 3, 1, 1, 3, 2, 2, 2, 1, 1, 2]
#ddiffs=[6, 6, 7, 7, 6, 6, 6, 6, 6, 6, 6, 6, 6, 6, 6, 6, 6, 6, 6, 6, 6, 6, 6, 6, 5, 6, 6, 6, 6, 5]

hydiff-spf:
3600,1.00,0.00,1.00,0.00

time +odiff>0:
311.07 (+/- 1.01) min=306
+odiff_times=[312, 310, 319, 309, 313, 316, 314, 311, 310, 311, 311, 308, 310, 315, 310, 310, 309, 312, 308, 310, 306, 310, 312, 308, 317, 313, 310, 310, 310, 308]
+odiff_src=['spf', 'spf', 'spf', 'spf', 'spf', 'spf', 'spf', 'spf', 'spf', 'spf', 'spf', 'spf', 'spf', 'spf', 'spf', 'spf', 'spf', 'spf', 'spf', 'spf', 'spf', 'spf', 'spf', 'spf', 'spf', 'spf', 'spf', 'spf', 'spf', 'spf']
#odiffs=[1, 1, 1, 1, 1, 1, 1, 1, 1, 1, 1, 1, 1, 1, 1, 1, 1, 1, 1, 1, 1, 1, 1, 1, 1, 1, 1, 1, 1, 1]
#ddiffs=[1, 1, 1, 1, 1, 1, 1, 1, 1, 1, 1, 1, 1, 1, 1, 1, 1, 1, 1, 1, 1, 1, 1, 1, 1, 1, 1, 1, 1, 1]

hydiff-merged:
3600,2.37,0.31,7.00,0.13

We do not report times because we make so sense here!
#odiffs=[3, 2, 4, 3, 1, 3, 2, 1, 4, 4, 2, 2, 3, 3, 2, 2, 2, 3, 2, 3, 3, 1, 1, 3, 2, 2, 3, 1, 2, 2]
#ddiffs=[7, 7, 8, 8, 7, 7, 7, 7, 7, 7, 7, 7, 7, 7, 7, 7, 7, 7, 7, 7, 7, 7, 7, 7, 6, 7, 7, 7, 7, 6]

best-time:
data1: mean=664.17 error=+/-12.31
data2 mean=311.07 error=+/-1.01
merged_data mean=311.07 error=+/-1.01 best=306
[312, 310, 319, 309, 313, 316, 314, 311, 310, 311, 311, 308, 310, 315, 310, 310, 309, 312, 308, 310, 306, 310, 312, 308, 317, 313, 310, 310, 310, 308]


--------------
mnist2_20

hydiff-afl:
3600,2.83,0.31,6.23,0.15
time +odiff>0:
741.57 (+/- 13.81) min=704
+odiff_times=[704, 710, 712, 738, 761, 840, 766, 717, 707, 822, 718, 728, 707, 721, 722, 763, 818, 761, 704, 709, 717, 750, 763, 737, 824, 704, 751, 715, 723, 735]
+odiff_src=['spf', 'spf', 'spf', 'spf', 'spf', 'spf', 'spf', 'spf', 'spf', 'spf', 'spf', 'spf', 'spf', 'spf', 'spf', 'spf', 'spf', 'spf', 'spf', 'spf', 'spf', 'spf', 'spf', 'spf', 'spf', 'spf', 'spf', 'spf', 'spf', 'spf']
#odiffs=[2, 5, 3, 2, 3, 3, 3, 3, 3, 3, 3, 2, 3, 3, 2, 1, 2, 2, 3, 2, 4, 3, 4, 4, 4, 2, 2, 2, 3, 4]
#ddiffs=[6, 6, 6, 7, 7, 6, 6, 6, 6, 7, 6, 6, 6, 6, 7, 6, 7, 6, 6, 7, 6, 6, 6, 6, 6, 7, 6, 6, 6, 6]

hydiff-spf:
3600,1.00,0.00,1.00,0.00
time +odiff>0:
341.83 (+/- 1.27) min=336
+odiff_times=[336, 340, 341, 337, 339, 341, 350, 339, 340, 344, 341, 340, 340, 345, 341, 347, 347, 339, 341, 343, 340, 338, 345, 340, 340, 340, 349, 343, 349, 340]
+odiff_src=['spf', 'spf', 'spf', 'spf', 'spf', 'spf', 'spf', 'spf', 'spf', 'spf', 'spf', 'spf', 'spf', 'spf', 'spf', 'spf', 'spf', 'spf', 'spf', 'spf', 'spf', 'spf', 'spf', 'spf', 'spf', 'spf', 'spf', 'spf', 'spf', 'spf']
#odiffs=[1, 1, 1, 1, 1, 1, 1, 1, 1, 1, 1, 1, 1, 1, 1, 1, 1, 1, 1, 1, 1, 1, 1, 1, 1, 1, 1, 1, 1, 1]
#ddiffs=[1, 1, 1, 1, 1, 1, 1, 1, 1, 1, 1, 1, 1, 1, 1, 1, 1, 1, 1, 1, 1, 1, 1, 1, 1, 1, 1, 1, 1, 1]

hydiff-merged:
3600,3.13,0.34,7.20,0.14
We do not report times because we make so sense here!
#odiffs=[3, 5, 4, 2, 3, 3, 4, 4, 3, 3, 3, 3, 3, 3, 3, 1, 2, 2, 3, 2, 5, 3, 4, 5, 4, 3, 2, 2, 3, 4]
#ddiffs=[7, 7, 7, 8, 8, 7, 7, 7, 7, 7, 7, 7, 7, 7, 8, 7, 8, 7, 7, 8, 7, 7, 7, 7, 7, 8, 7, 7, 7, 7]

best-time:
data1: mean=741.57 error=+/-13.81
data2 mean=341.83 error=+/-1.27
merged_data mean=341.83 error=+/-1.27 best=336
[336, 340, 341, 337, 339, 341, 350, 339, 340, 344, 341, 340, 340, 345, 341, 347, 347, 339, 341, 343, 340, 338, 345, 340, 340, 340, 349, 343, 349, 340]


--------------
mnist2_50

hydiff-afl:
3600,3.43,0.38,6.30,0.16
time +odiff>0:
804.10 (+/- 64.85) min=451
+odiff_times=[997, 928, 932, 885, 925, 817, 916, 963, 845, 909, 986, 866, 806, 452, 877, 458, 451, 452, 841, 860, 889, 838, 939, 881, 456, 847, 832, 451, 887, 937]
+odiff_src=['spf', 'spf', 'spf', 'spf', 'spf', 'spf', 'spf', 'spf', 'spf', 'spf', 'spf', 'spf', 'spf', 'spf', 'spf', 'spf', 'spf', 'spf', 'spf', 'spf', 'spf', 'spf', 'spf', 'spf', 'spf', 'spf', 'spf', 'spf', 'spf', 'spf']
#odiffs=[3, 4, 3, 3, 6, 3, 4, 6, 2, 3, 4, 2, 4, 4, 3, 3, 2, 4, 4, 3, 3, 5, 3, 3, 4, 3, 1, 3, 4, 4]
#ddiffs=[6, 6, 6, 6, 6, 6, 6, 6, 6, 7, 6, 6, 6, 7, 6, 6, 6, 7, 7, 7, 6, 6, 7, 6, 7, 7, 6, 6, 7, 6]

hydiff-spf:
3600,1.00,0.00,1.00,0.00
time +odiff>0:
452.63 (+/- 2.06) min=434
+odiff_times=[459, 434, 451, 454, 448, 453, 458, 445, 448, 451, 451, 453, 454, 452, 461, 458, 451, 452, 454, 450, 451, 468, 454, 450, 456, 447, 450, 451, 456, 459]
+odiff_src=['spf', 'spf', 'spf', 'spf', 'spf', 'spf', 'spf', 'spf', 'spf', 'spf', 'spf', 'spf', 'spf', 'spf', 'spf', 'spf', 'spf', 'spf', 'spf', 'spf', 'spf', 'spf', 'spf', 'spf', 'spf', 'spf', 'spf', 'spf', 'spf', 'spf']
#odiffs=[1, 1, 1, 1, 1, 1, 1, 1, 1, 1, 1, 1, 1, 1, 1, 1, 1, 1, 1, 1, 1, 1, 1, 1, 1, 1, 1, 1, 1, 1]
#ddiffs=[1, 1, 1, 1, 1, 1, 1, 1, 1, 1, 1, 1, 1, 1, 1, 1, 1, 1, 1, 1, 1, 1, 1, 1, 1, 1, 1, 1, 1, 1]

hydiff-merged:
3600,3.77,0.34,7.27,0.16
We do not report times because we make so sense here!
#odiffs=[4, 4, 3, 3, 6, 4, 4, 6, 2, 4, 4, 2, 5, 4, 4, 3, 3, 4, 4, 3, 3, 5, 4, 4, 4, 3, 2, 4, 4, 4]
#ddiffs=[7, 7, 7, 7, 7, 7, 7, 7, 7, 8, 7, 7, 7, 7, 7, 7, 7, 8, 8, 8, 7, 7, 8, 7, 8, 8, 7, 7, 8, 7]

best-time:
data1: mean=804.10 error=+/-64.85
data2 mean=452.63 error=+/-2.06
merged_data mean=452.63 error=+/-2.06 best=434
[459, 434, 451, 454, 448, 453, 458, 445, 448, 451, 451, 453, 454, 452, 461, 458, 451, 452, 454, 450, 451, 468, 454, 450, 456, 447, 450, 451, 456, 459]


--------------
mnist2_100

hydiff-afl:
3600,2.87,0.32,6.67,0.19
time +odiff>0:
704.00 (+/- 60.45) min=564
+odiff_times=[575, 962, 942, 914, 577, 570, 576, 573, 571, 905, 583, 579, 950, 577, 599, 589, 576, 584, 920, 567, 570, 892, 565, 572, 946, 919, 578, 564, 942, 883]
+odiff_src=['spf', 'spf', 'spf', 'spf', 'spf', 'spf', 'spf', 'spf', 'spf', 'spf', 'spf', 'spf', 'spf', 'spf', 'spf', 'spf', 'spf', 'spf', 'spf', 'spf', 'spf', 'spf', 'spf', 'spf', 'spf', 'spf', 'spf', 'spf', 'spf', 'spf']
#odiffs=[1, 4, 3, 3, 4, 4, 3, 3, 2, 1, 3, 3, 3, 3, 1, 3, 3, 4, 3, 4, 2, 4, 4, 2, 2, 3, 3, 3, 2, 3]
#ddiffs=[7, 6, 7, 6, 7, 8, 7, 7, 6, 6, 6, 7, 7, 6, 7, 7, 6, 6, 7, 7, 7, 7, 7, 6, 6, 7, 6, 7, 7, 7]

hydiff-spf:
3600,1.00,0.00,1.00,0.00
time +odiff>0:
575.13 (+/- 2.65) min=564
+odiff_times=[575, 569, 582, 567, 577, 570, 576, 573, 571, 582, 583, 579, 575, 577, 599, 589, 576, 584, 571, 567, 570, 567, 565, 572, 570, 579, 578, 564, 575, 572]
+odiff_src=['spf', 'spf', 'spf', 'spf', 'spf', 'spf', 'spf', 'spf', 'spf', 'spf', 'spf', 'spf', 'spf', 'spf', 'spf', 'spf', 'spf', 'spf', 'spf', 'spf', 'spf', 'spf', 'spf', 'spf', 'spf', 'spf', 'spf', 'spf', 'spf', 'spf']
#odiffs=[1, 1, 1, 1, 1, 1, 1, 1, 1, 1, 1, 1, 1, 1, 1, 1, 1, 1, 1, 1, 1, 1, 1, 1, 1, 1, 1, 1, 1, 1]
#ddiffs=[1, 1, 1, 1, 1, 1, 1, 1, 1, 1, 1, 1, 1, 1, 1, 1, 1, 1, 1, 1, 1, 1, 1, 1, 1, 1, 1, 1, 1, 1]

hydiff-merged:
3600,3.10,0.35,7.60,0.18
We do not report times because we make so sense here!
#odiffs=[1, 4, 4, 3, 4, 4, 3, 3, 2, 1, 3, 3, 3, 3, 1, 3, 3, 4, 4, 4, 3, 5, 4, 2, 3, 4, 3, 4, 2, 3]
#ddiffs=[8, 7, 8, 7, 8, 8, 8, 8, 7, 7, 7, 7, 8, 7, 8, 8, 7, 7, 8, 8, 8, 8, 8, 7, 7, 8, 7, 8, 8, 8]

best-time:
data1: mean=704.00 error=+/-60.45
data2 mean=575.13 error=+/-2.65
merged_data mean=575.13 error=+/-2.65 best=564
[575, 569, 582, 567, 577, 570, 576, 573, 571, 582, 583, 579, 575, 577, 599, 589, 576, 584, 571, 567, 570, 567, 565, 572, 570, 579, 578, 564, 575, 572]

